f1_1[2,0] is
[1 1 257 1]
  102.7726 

  137.0301 

  171.2876 

  137.0301 

  102.7726 

   68.5150 

   34.2575 

    0.0000 

  -34.2575 

  -68.5150 

 -102.7726 

 -137.0301 

 -171.2876 

 -205.5451 

 -239.8026 

 -274.0602 

 -308.3177 

 -342.5752 

 -376.8327 

 -411.0902 

 -445.3477 

 -479.6053 

 -513.8628 

 -548.1203 

 -582.3778 

 -616.6353 

 -650.8928 

 -685.1503 

 -719.4080 

 -753.6653 

 -787.9230 

 -822.1805 

 -856.4379 

 -890.6955 

 -924.9531 

 -959.2105 

 -993.4680 

-1027.7256 

-1061.9830 

-1096.2406 

-1130.4982 

-1164.7556 

-1199.0132 

-1233.2706 

-1267.5282 

-1301.7856 

-1336.0433 

-1370.3007 

-1404.5583 

-1438.8159 

-1473.0732 

-1507.3307 

-1541.5884 

-1575.8459 

-1610.1033 

-1644.3610 

-1678.6184 

-1712.8759 

-1747.1334 

-1781.3910 

-1815.6484 

-1849.9061 

-1884.1635 

-1918.4210 

-1952.6787 

-1986.9360 

-2021.1935 

-2055.4512 

-2089.7087 

-2123.9661 

-2158.2236 

-2192.4812 

-2226.7385 

-2260.9963 

-2295.2537 

-2329.5112 

-2363.7690 

-2398.0264 

-2432.2837 

-2466.5413 

-2500.7991 

-2535.0564 

-2569.3140 

-2603.5713 

-2637.8291 

-2672.0867 

-2706.3440 

-2740.6013 

-2774.8591 

-2809.1167 

-2843.3740 

-2877.6318 

-2911.8892 

-2946.1465 

-2980.4041 

-3014.6614 

-3048.9194 

-3083.1768 

-3117.4341 

-3151.6919 

-3185.9492 

-3220.2065 

-3254.4644 

-3288.7219 

-3322.9795 

-3357.2368 

-3391.4941 

-3425.7517 

-3460.0095 

-3494.2668 

-3528.5247 

-3562.7820 

-3597.0393 

-3631.2969 

-3665.5547 

-3699.8123 

-3734.0696 

-3768.3269 

-3802.5847 

-3836.8420 

-3871.0996 

-3905.3574 

-3939.6147 

-3973.8721 

-4008.1296 

-4042.3870 

-4076.6450 

-4110.9023 

-4145.1597 

-4179.4175 

-4213.6748 

-4247.9321 

-4282.1899 

-4316.4473 

-4350.7051 

-4384.9624 

-4419.2197 

-4453.4771 

-4487.7349 

-4521.9927 

-4556.2500 

-4590.5073 

-4624.7651 

-4659.0225 

-4693.2798 

-4727.5381 

-4761.7954 

-4796.0527 

-4830.3101 

-4864.5674 

-4898.8252 

-4933.0825 

-4967.3403 

-5001.5981 

-5035.8555 

-5070.1128 

-5104.3701 

-5138.6279 

-5172.8853 

-5207.1426 

-5241.3999 

-5275.6582 

-5309.9155 

-5344.1733 

-5378.4307 

-5412.6880 

-5446.9453 

-5481.2026 

-5515.4600 

-5549.7183 

-5583.9756 

-5618.2334 

-5652.4907 

-5686.7480 

-5721.0054 

-5755.2637 

-5789.5210 

-5823.7783 

-5858.0356 

-5892.2930 

-5926.5508 

-5960.8081 

-5995.0659 

-6029.3228 

-6063.5811 

-6097.8389 

-6132.0957 

-6166.3535 

-6200.6108 

-6234.8682 

-6269.1265 

-6303.3838 

-6337.6411 

-6371.8984 

-6406.1562 

-6440.4131 

-6474.6709 

-6508.9287 

-6543.1855 

-6577.4438 

-6611.7012 

-6645.9590 

-6680.2158 

-6714.4736 

-6748.7314 

-6782.9883 

-6817.2466 

-6851.5034 

-6885.7612 

-6920.0190 

-6954.2764 

-6988.5337 

-7022.7910 

-7057.0493 

-7091.3062 

-7125.5640 

-7159.8218 

-7194.0786 

-7228.3364 

-7262.5938 

-7296.8511 

-7331.1094 

-7365.3667 

-7399.6245 

-7433.8813 

-7468.1392 

-7502.3960 

-7536.6538 

-7570.9121 

-7605.1694 

-7639.4268 

-7673.6841 

-7707.9419 

-7742.1992 

-7776.4565 

-7810.7148 

-7844.9717 

-7879.2295 

-7913.4868 

-7947.7441 

-7982.0020 

-8016.2593 

-8050.5176 

-8084.7739 

-8119.0322 

-8153.2900 

-8187.5469 

-8221.8047 

-8256.0625 

-8290.3193 

-8324.5771 

-8358.8350 

-8393.0918 

-8427.3496 

-8461.6074 

-8495.8643 

-8530.1221 


