after[:,0] is
[257 1 1 1]
  336.2809 
  447.6497 
  505.0699 
  597.5631 
  873.9724 
 1245.7495 
 1888.0442 
 2870.9954 
 3797.9463 
 4491.4819 
 5275.8921 
 5714.9414 
 5660.7334 
 5620.3618 
 5474.3374 
 4897.7700 
 4426.1963 
 4404.5591 
 4490.0835 
 4756.5493 
 5198.1226 
 5376.8145 
 4881.5435 
 4035.1406 
 3228.2715 
 2526.6421 
 2061.2114 
 2128.4778 
 2529.9644 
 2793.1497 
 2936.6670 
 3023.1877 
 2851.7332 
 2395.9775 
 1891.4370 
 1383.3602 
  933.2023 
  629.0178 
  622.0787 
  857.9310 
 1184.8988 
 1495.7002 
 1761.0813 
 1778.9420 
 1539.9823 
 1242.4258 
  967.7109 
  738.1036 
  661.7863 
  720.3126 
  830.9241 
  941.2411 
 1142.7827 
 1449.0078 
 1820.6709 
 2238.4272 
 2704.7969 
 3036.9370 
 3082.7217 
 3060.7554 
 2995.9016 
 2843.9297 
 2788.5662 
 3139.9209 
 3520.7339 
 3823.0176 
 4239.7500 
 4634.8354 
 4605.1313 
 4440.4590 
 4374.2476 
 4039.6384 
 3584.2100 
 3370.5962 
 3329.9417 
 3241.1953 
 3357.2817 
 3556.0178 
 3624.5098 
 3560.1003 
 3461.5708 
 3357.7139 
 3180.1963 
 2952.0771 
 2671.3569 
 2430.7803 
 2195.1252 
 1952.3271 
 1771.2303 
 1735.2788 
 1686.0374 
 1525.2820 
 1400.6680 
 1329.8550 
 1238.3182 
 1151.5948 
 1181.3495 
 1284.9296 
 1378.4738 
 1457.4138 
 1590.5132 
 1702.7617 
 1798.9929 
 1859.8906 
 1907.0167 
 1915.6110 
 1947.4469 
 1971.2458 
 2050.6973 
 2107.2468 
 2134.6807 
 2064.3809 
 1886.2676 
 1675.6753 
 1477.6501 
 1261.0649 
 1087.7083 
 1028.2555 
 1016.5645 
 1131.9312 
 1407.6459 
 1795.8528 
 2229.7566 
 2664.8137 
 2947.4524 
 3072.7825 
 3141.3398 
 3156.0938 
 3096.3984 
 3060.9778 
 3037.6353 
 2917.9661 
 2772.8816 
 2690.1709 
 2626.7576 
 2545.8123 
 2480.1880 
 2386.7588 
 2236.7495 
 2115.2095 
 2039.9595 
 2002.9603 
 1994.9860 
 1986.7124 
 1865.3691 
 1694.4868 
 1494.7441 
 1282.4204 
 1124.4893 
 1108.1172 
 1130.3396 
 1165.9801 
 1186.0034 
 1119.2502 
  965.7204 
  839.4883 
  761.3024 
  763.8368 
  863.6276 
  996.2328 
 1089.1532 
 1111.5679 
 1044.9238 
  917.8710 
  809.7767 
  751.3572 
  720.1581 
  707.2693 
  704.1129 
  654.5021 
  588.3032 
  586.9277 
  688.5676 
  819.8138 
 1007.8569 
 1201.1000 
 1364.2755 
 1406.0092 
 1429.1381 
 1432.8606 
 1450.3809 
 1447.7692 
 1471.3933 
 1505.1106 
 1491.2712 
 1366.2365 
 1167.1219 
 1023.8296 
  928.1870 
  849.4075 
  859.5391 
  968.7548 
 1063.4073 
 1065.3190 
 1100.7844 
 1143.0962 
 1186.5400 
 1169.3146 
 1188.3679 
 1193.1102 
 1139.5605 
 1020.7493 
  913.4193 
  812.2791 
  720.8741 
  690.9533 
  692.7784 
  714.1951 
  709.3464 
  663.6594 
  572.6037 
  502.6581 
  453.3430 
  419.2933 
  406.8964 
  418.5197 
  409.1675 
  388.7132 
  390.3179 
  416.4223 
  449.1062 
  479.1549 
  508.7848 
  519.0186 
  510.5410 
  507.5953 
  524.9375 
  528.3867 
  533.1163 
  546.1271 
  535.4308 
  524.0969 
  543.3953 
  568.4749 
  582.0078 
  609.0474 
  602.9296 
  552.5403 
  498.7748 
  447.1717 
  385.1306 
  335.1922 
  304.1562 
  277.0613 
  269.6043 
  283.5096 
  314.7451 
  365.0569 
  415.1852 
  432.2169 
  420.0048 
  408.2716 
  393.5457 
  360.3705 
  333.8557 
  315.3509 
  271.4343 

