f1_2[2,0] is
[1 1 257 1]
   -6.0293 

  -18.0880 

  -30.1466 

  -18.0880 

   -6.0293 

    6.0293 

   18.0880 

   30.1466 

   42.2053 

   54.2639 

   66.3225 

   78.3812 

   90.4398 

  102.4985 

  114.5571 

  126.6158 

  138.6744 

  150.7331 

  162.7917 

  174.8504 

  186.9090 

  198.9677 

  211.0263 

  223.0849 

  235.1436 

  247.2022 

  259.2609 

  271.3195 

  283.3782 

  295.4368 

  307.4955 

  319.5541 

  331.6128 

  343.6714 

  355.7300 

  367.7887 

  379.8473 

  391.9060 

  403.9646 

  416.0233 

  428.0819 

  440.1406 

  452.1992 

  464.2578 

  476.3165 

  488.3752 

  500.4338 

  512.4924 

  524.5511 

  536.6097 

  548.6683 

  560.7270 

  572.7856 

  584.8443 

  596.9030 

  608.9616 

  621.0203 

  633.0789 

  645.1376 

  657.1962 

  669.2548 

  681.3135 

  693.3721 

  705.4307 

  717.4894 

  729.5480 

  741.6067 

  753.6653 

  765.7240 

  777.7827 

  789.8413 

  801.9000 

  813.9586 

  826.0172 

  838.0759 

  850.1345 

  862.1932 

  874.2518 

  886.3104 

  898.3691 

  910.4277 

  922.4864 

  934.5450 

  946.6037 

  958.6623 

  970.7210 

  982.7796 

  994.8383 

 1006.8969 

 1018.9555 

 1031.0142 

 1043.0728 

 1055.1315 

 1067.1901 

 1079.2488 

 1091.3074 

 1103.3661 

 1115.4247 

 1127.4834 

 1139.5420 

 1151.6006 

 1163.6593 

 1175.7179 

 1187.7766 

 1199.8352 

 1211.8939 

 1223.9525 

 1236.0112 

 1248.0698 

 1260.1285 

 1272.1871 

 1284.2457 

 1296.3044 

 1308.3630 

 1320.4218 

 1332.4803 

 1344.5389 

 1356.5977 

 1368.6562 

 1380.7148 

 1392.7736 

 1404.8322 

 1416.8907 

 1428.9495 

 1441.0081 

 1453.0668 

 1465.1254 

 1477.1841 

 1489.2427 

 1501.3014 

 1513.3600 

 1525.4187 

 1537.4773 

 1549.5359 

 1561.5946 

 1573.6532 

 1585.7119 

 1597.7705 

 1609.8292 

 1621.8878 

 1633.9465 

 1646.0051 

 1658.0638 

 1670.1224 

 1682.1810 

 1694.2396 

 1706.2983 

 1718.3571 

 1730.4156 

 1742.4742 

 1754.5330 

 1766.5916 

 1778.6501 

 1790.7087 

 1802.7676 

 1814.8262 

 1826.8848 

 1838.9434 

 1851.0020 

 1863.0608 

 1875.1194 

 1887.1780 

 1899.2366 

 1911.2954 

 1923.3540 

 1935.4126 

 1947.4712 

 1959.5298 

 1971.5886 

 1983.6472 

 1995.7058 

 2007.7644 

 2019.8232 

 2031.8818 

 2043.9404 

 2055.9990 

 2068.0579 

 2080.1165 

 2092.1750 

 2104.2336 

 2116.2922 

 2128.3511 

 2140.4097 

 2152.4683 

 2164.5269 

 2176.5857 

 2188.6443 

 2200.7029 

 2212.7615 

 2224.8201 

 2236.8789 

 2248.9375 

 2260.9961 

 2273.0547 

 2285.1133 

 2297.1721 

 2309.2307 

 2321.2893 

 2333.3479 

 2345.4065 

 2357.4651 

 2369.5237 

 2381.5825 

 2393.6411 

 2405.6997 

 2417.7583 

 2429.8169 

 2441.8757 

 2453.9343 

 2465.9929 

 2478.0515 

 2490.1101 

 2502.1689 

 2514.2275 

 2526.2861 

 2538.3447 

 2550.4036 

 2562.4622 

 2574.5208 

 2586.5793 

 2598.6382 

 2610.6968 

 2622.7554 

 2634.8140 

 2646.8726 

 2658.9314 

 2670.9900 

 2683.0486 

 2695.1072 

 2707.1660 

 2719.2246 

 2731.2832 

 2743.3418 

 2755.4004 

 2767.4592 

 2779.5178 

 2791.5764 

 2803.6350 

 2815.6938 

 2827.7524 

 2839.8110 

 2851.8696 

 2863.9285 

 2875.9871 

 2888.0457 

 2900.1042 

 2912.1628 

 2924.2217 

 2936.2803 

 2948.3389 

 2960.3975 

 2972.4563 

 2984.5149 

 2996.5735 

 3008.6321 

 3020.6907 

 3032.7495 


