3028.87
3015.91
3013.94
3011.94
3009.95
3008.02
3006.14
3004.06
3002.1
3000.17
2998.11
2996.22
2994.16
2992.24
2990.25
2988.35
2986.41
2984.55
2982.65
2980.86
2978.98
2977.28
2975.42
2973.73
2971.98
2970.28
2968.65
2966.94
2965.35
2963.71
2962.1
2960.58
2958.95
2957.42
2955.91
2954.36
2952.89
2951.41
2949.91
2948.49
2947.05
2945.59
2944.21
2942.81
2941.4
2940.05
2938.71
2937.33
2936.01
2934.73
2933.37
2932.08
2930.84
2929.53
2928.25
2927.03
2925.79
2924.53
2923.31
2922.14
2920.91
2919.71
2918.54
2917.4
2916.2
2915.04
2913.93
2912.8
2911.65
2910.54
2909.46
2908.35
2907.24
2906.16
2905.12
2904.04
2902.96
2901.92
2900.91
2899.86
2898.81
2897.8
2896.81
2895.8
2894.78
2893.78
2892.82
2891.85
2890.85
2889.88
2888.93
2888.01
2887.03
2886.08
2885.15
2884.24
2883.31
2882.37
2881.45
2880.56
2879.68
2878.75
2877.85
2876.96
2876.1
2875.23
2874.33
2873.45
2872.6
2871.76
2870.9
2870.03
2869.18
2868.34
2867.53
2866.68
2865.84
2865.01
2864.2
2863.4
2862.57
2861.75
2860.94
2860.15
2859.37
2858.57
2857.76
2856.97
2856.19
2855.43
2854.65
2853.86
2853.08
2852.32
2851.57
2850.81
2850.04
2849.27
2848.52
2847.79
2847.06
2846.29
2845.54
2844.8
2844.08
2843.36
2842.63
2841.88
2841.15
2840.44
2839.73
2839.03
2838.3
2837.57
2836.86
2836.16
2835.48
2834.78
2834.06
2833.36
2832.66
2831.98
2831.31
2830.61
2829.91
2829.22
2828.54
2827.88
2827.22
2826.53
2825.84
2825.17
2824.5
2823.85
2823.2
2822.52
2821.85
2821.19
2820.53
2819.89
2819.25
2818.59
2817.93
2817.28
2816.63
2816
2815.37
2814.73
2814.07
2813.43
2812.8
2812.17
2811.56
2810.93
2810.29
2809.65
2809.03
2808.41
2807.8
2807.19
2806.56
2805.93
2805.31
2804.7
2804.1
2803.5
2802.89
2802.27
2801.66
2801.05
2800.46
2799.86
2799.27
2798.66
2798.06
2797.46
2796.86
2796.28
2795.7
2795.11
2794.5
2793.91
2793.32
2792.74
2792.16
2791.59
2791
2790.41
2789.83
2789.25
2788.68
2788.11
2787.55
2786.97
2786.38
2785.81
2785.24
2784.67
2784.12
2783.56
2782.99
2782.41
2781.85
2781.28
2780.73
2780.18
2779.63
2779.06
2778.49
2777.94
2777.38
2776.83
2776.29
2775.75
2775.19
2774.63
2774.08
2773.53
2772.99
2772.45
2771.91
2771.37
2770.82
2770.27
2769.73
2769.19
2768.66
2768.13
2767.6
2767.05
2766.51
2765.97
2765.44
2764.91
2764.39
2763.87
2763.33
2762.79
2762.26
2761.73
2761.21
2760.69
2760.18
2759.66
2759.13
2758.6
2758.07
2757.55
2757.04
2756.53
2756.02
2755.5
2754.98
2754.46
2753.94
2753.43
2752.92
2752.42
2751.92
2751.4
2750.88
2750.37
2749.86
2749.35
2748.85
2748.36
2747.86
2747.35
2746.84
2746.33
2745.83
2745.33
2744.83
2744.34
2743.85
2743.35
2742.84
2742.34
2741.85
2741.35
2740.86
2740.38
2739.9
2739.39
2738.9
2738.4
2737.91
2737.42
2736.94
2736.46
2735.98
2735.49
2734.99
2734.51
2734.02
2733.54
2733.06
2732.58
2732.11
2731.63
2731.14
2730.65
2730.17
2729.69
2729.22
2728.75
2728.28
2727.81
2727.32
2726.84
2726.37
2725.89
2725.42
2724.96
2724.49
2724.03
2723.55
2723.08
2722.6
2722.13
2721.67
2721.2
2720.74
2720.28
2719.82
2719.35
2718.88
2718.41
2717.95
2717.49
2717.03
2716.58
2716.13
2715.66
2715.2
2714.73
2714.27
2713.82
2713.36
2712.91
2712.46
2712.01
2711.55
2711.09
2710.64
2710.18
2709.73
2709.28
2708.83
2708.39
2707.95
2707.49
2707.03
2706.58
2706.13
2705.69
2705.24
2704.8
2704.36
2703.92
2703.47
2703.02
2702.57
2702.13
2701.69
2701.25
2700.81
2700.38
2699.95
2699.5
2699.05
2698.61
2698.17
2697.73
2697.3
2696.87
2696.44
2696.01
2695.57
2695.13
2694.69
2694.25
2693.82
2693.39
2692.96
2692.54
2692.11
2691.68
2691.24
2690.81
2690.38
2689.95
2689.52
2689.1
2688.68
2688.25
2687.83
2687.4
2686.97
2686.54
2686.12
2685.69
2685.27
2684.85
2684.44
2684.02
2683.6
2683.17
2682.75
2682.32
2681.9
2681.49
2681.07
2680.66
2680.25
2679.83
2679.41
2678.99
2678.57
2678.15
2677.74
2677.32
2676.91
2676.51
2676.1
2675.69
2675.27
2674.85
2674.44
2674.03
2673.62
2673.21
2672.8
2672.4
2672
2671.58
2671.17
2670.76
2670.35
2669.94
2669.54
2669.13
2668.73
2668.33
2667.94
2667.52
2667.12
2666.71
2666.3
2665.9
2665.5
2665.1
2664.7
2664.31
2663.91
2663.51
2663.1
2662.7
2662.3
2661.9
2661.5
2661.11
2660.72
2660.33
2659.93
2659.53
2659.13
2658.73
2658.33
2657.94
2657.55
2657.16
2656.77
2656.38
2656
2655.6
2655.2
2654.8
2654.41
2654.02
2653.63
2653.24
2652.86
2652.47
2652.09
2651.7
2651.31
2650.92
2650.53
2650.14
2649.75
2649.37
2648.99
2648.6
2648.23
2647.84
2647.45
2647.06
2646.68
2646.29
2645.91
2645.53
2645.15
2644.77
2644.4
2644.02
2643.64
2643.25
2642.87
2642.49
2642.11
2641.73
2641.35
2640.98
2640.6
2640.23
2639.86
2639.47
2639.09
2638.71
2638.34
2637.96
2637.59
2637.21
2636.84
2636.47
2636.11
2635.73
2635.35
2634.97
2634.6
2634.23
2633.86
2633.49
2633.12
2632.75
2632.38
2632.02
2631.65
2631.27
2630.9
2630.53
2630.16
2629.79
2629.43
2629.06
2628.7
2628.34
2627.98
2627.6
2627.23
2626.86
2626.5
2626.13
2625.77
2625.4
2625.04
2624.68
2624.33
2623.97
2623.6
2623.23
2622.87
2622.5
2622.14
2621.78
2621.42
2621.06
2620.71
2620.35
2620
2619.64
2619.27
2618.91
2618.55
2618.19
2617.83
2617.48
2617.12
2616.77
2616.42
2616.07
2615.71
2615.35
2614.99
2614.63
2614.28
2613.92
2613.57
2613.22
2612.87
2612.52
2612.17
2611.82
2611.46
2611.11
2610.75
2610.4
2610.05
2609.7
2609.35
2609
2608.66
2608.31
2607.97
2607.61
2607.26
2606.91
2606.56
2606.21
2605.86
2605.52
2605.17
2604.83
2604.49
2604.15
2603.8
2603.45
2603.1
2602.75
2602.41
2602.06
2601.72
2601.38
2601.04
2600.7
2600.36
2600.02
2599.67
2599.32
2598.98
2598.64
2598.29
2597.95
2597.62
2597.28
2596.94
2596.6
2596.27
2595.93
2595.58
2595.24
2594.9
2594.56
2594.22
2593.89
2593.55
2593.21
2592.88
2592.55
2592.22
2591.88
2591.54
2591.2
2590.86
2590.52
2590.19
2589.85
2589.52
2589.19
2588.86
2588.53
2588.2
2587.86
2587.52
2587.19
2586.85
2586.52
2586.19
2585.86
2585.53
2585.2
2584.87
2584.55
2584.22
2583.88
2583.55
2583.22
2582.89
2582.56
2582.22
2581.9
2581.57
2581.25
2580.92
2580.6
2580.27
2579.94
2579.61
2579.28
2578.95
2578.62
2578.3
2577.97
2577.65
2577.32
2577
2576.68
2576.36
2576.03
2575.7
2575.38
2575.05
2574.72
2574.4
2574.08
2573.76
2573.44
2573.12
2572.8
2572.48
2572.16
2571.83
2571.51
2571.18
2570.86
2570.54
2570.22
2569.9
2569.58
2569.26
2568.95
2568.63
2568.31
2567.99
2567.67
2567.34
2567.02
2566.71
2566.39
2566.07
2565.75
2565.44
2565.13
2564.81
2564.5
2564.18
2563.86
2563.54
2563.22
2562.9
2562.59
2562.27
2561.96
2561.65
2561.33
2561.02
2560.71
2560.4
2560.08
2559.76
2559.45
2559.13
2558.82
2558.5
2558.19
2557.88
2557.57
2557.26
2556.95
2556.64
2556.33
2556.02
2555.7
2555.39
2555.07
2554.76
2554.45
2554.14
2553.83
2553.52
2553.22
2552.91
2552.61
2552.29
2551.98
2551.67
2551.36
2551.05
2550.74
2550.43
2550.12
2549.82
2549.51
2549.21
2548.9
2548.6
2548.29
2547.98
2547.67
2547.36
2547.05
2546.74
2546.44
2546.13
2545.83
2545.52
2545.22
2544.92
2544.62
2544.31
2544
2543.69
2543.39
2543.08
2542.78
2542.47
2542.17
2541.87
2541.57
2541.27
2540.97
2540.67
2540.36
2540.05
2539.75
2539.44
2539.14
2538.84
2538.54
2538.23
2537.93
2537.63
2537.34
2537.04
2536.74
2536.44
2536.13
2535.83
2535.53
2535.22
2534.92
2534.62
2534.32
2534.03
2533.73
2533.43
2533.14
2532.84
2532.54
2532.24
2531.93
2531.64
2531.33
2531.03
2530.74
2530.44
2530.14
2529.85
2529.55
2529.26
2528.96
2528.67
2528.37
2528.07
2527.77
2527.47
2527.17
2526.87
2526.58
2526.28
2525.99
2525.7
2525.4
2525.11
2524.82
2524.52
2524.22
2523.92
2523.63
2523.33
2523.04
2522.74
2522.45
2522.15
2521.86
2521.57
2521.28
2520.99
2520.7
2520.4
2520.1
2519.81
2519.51
2519.22
2518.93
2518.63
2518.34
2518.05
2517.76
2517.47
2517.18
2516.9
2516.6
2516.31
2516.01
2515.72
2515.43
2515.14
2514.84
2514.55
2514.26
2513.98
2513.69
2513.4
2513.11
2512.83
2512.53
2512.24
2511.95
2511.66
2511.37
2511.08
2510.79
2510.5
2510.21
2509.92
2509.64
2509.35
2509.07
2508.78
2508.49
2508.2
2507.91
2507.62
2507.33
2507.04
2506.76
2506.47
2506.18
2505.9
2505.61
2505.33
2505.05
2504.76
2504.47
2504.18
2503.9
2503.61
2503.32
2503.03
2502.75
2502.46
2502.18
2501.9
2501.61
2501.33
2501.05
2500.77
2500.48
2500.19
2499.91
2499.62
2499.34
2499.05
2498.77
2498.49
2498.2
2497.92
2497.64
2497.36
2497.08
2496.8
2496.51
2496.23
2495.94
2495.66
2495.38
2495.09
2494.81
2494.53
2494.25
2493.97
2493.69
2493.41
2493.13
2492.85
2492.57
2492.29
2492
2491.72
2491.44
2491.16
2490.88
2490.6
2490.32
2490.04
2489.76
2489.49
2489.21
2488.93
2488.65
2488.37
2488.09
2487.81
2487.53
2487.25
2486.97
2486.69
2486.41
2486.13
2485.86
2485.58
2485.31
2485.03
2484.76
2484.48
2484.2
2483.92
2483.64
2483.36
2483.08
2482.8
2482.53
2482.25
2481.98
2481.7
2481.43
2481.16
2480.88
2480.61
2480.33
2480.05
2479.77
2479.49
2479.22
2478.94
2478.67
2478.39
2478.12
2477.85
2477.57
2477.3
2477.03
2476.76
2476.48
2476.21
2475.93
2475.65
2475.38
2475.1
2474.83
2474.56
2474.28
2474.01
2473.74
2473.47
2473.2
2472.93
2472.66
2472.39
2472.11
2471.84
2471.56
2471.29
2471.02
2470.74
2470.47
2470.2
2469.93
2469.66
2469.39
2469.13
2468.86
2468.59
2468.31
2468.04
2467.77
2467.5
2467.23
2466.95
2466.68
2466.41
2466.15
2465.88
2465.61
2465.34
2465.08
2464.81
2464.54
2464.27
2464
2463.73
2463.46
2463.19
2462.92
2462.65
2462.38
2462.12
2461.85
2461.58
2461.32
2461.05
2460.79
2460.52
2460.25
2459.98
2459.71
2459.44
2459.18
2458.91
2458.64
2458.37
2458.11
2457.84
2457.58
2457.32
2457.05
2456.79
2456.53
2456.26
2455.99
2455.72
2455.46
2455.19
2454.92
2454.66
2454.39
2454.13
2453.87
2453.6
2453.34
2453.08
2452.82
2452.56
2452.29
2452.02
2451.76
2451.49
2451.23
2450.96
2450.7
2450.44
2450.17
2449.91
2449.65
2449.39
2449.13
2448.87
2448.61
2448.35
2448.08
2447.82
2447.55
2447.29
2447.03
2446.76
2446.5
2446.24
2445.98
2445.72
2445.46
2445.2
2444.94
2444.69
2444.43
2444.16
2443.9
2443.64
2443.38
2443.11
2442.85
2442.59
2442.33
2442.07
2441.82
2441.56
2441.3
2441.04
2440.79
2440.53
2440.27
2440.01
2439.75
2439.49
2439.23
2438.97
2438.71
2438.45
2438.19
2437.93
2437.68
2437.42
2437.17
2436.91
2436.65
2436.4
2436.14
2435.88
2435.62
2435.36
2435.1
2434.85
2434.59
2434.33
2434.08
2433.82
2433.56
2433.31
2433.06
2432.8
2432.55
2432.3
2432.04
2431.78
2431.52
2431.26
2431.01
2430.75
2430.5
2430.24
2429.99
2429.73
2429.48
2429.22
2428.97
2428.72
2428.47
2428.22
2427.96
2427.7
2427.45
2427.19
2426.94
2426.68
2426.43
2426.17
2425.92
2425.67
2425.42
2425.17
2424.92
2424.66
2424.41
2424.16
2423.91
2423.65
2423.4
2423.14
2422.89
2422.64
2422.39
2422.13
2421.88
2421.63
2421.38
2421.13
2420.88
2420.63
2420.38
2420.13
2419.88
2419.63
2419.37
2419.12
2418.87
2418.62
2418.37
2418.12
2417.87
2417.62
2417.37
2417.12
2416.87
2416.63
2416.38
2416.13
2415.88
2415.63
2415.38
2415.12
2414.87
2414.63
2414.38
2414.13
2413.88
2413.63
2413.38
2413.14
2412.89
2412.64
2412.4
2412.15
2411.9
2411.65
2411.4
2411.15
2410.9
2410.66
2410.41
2410.16
2409.91
2409.67
2409.42
2409.17
2408.93
2408.68
2408.44
2408.2
2407.95
2407.7
2407.45
2407.2
2406.96
2406.71
2406.46
2406.21
2405.97
2405.72
2405.48
2405.23
2404.99
2404.75
2404.5
2404.26
2404.02
2403.77
2403.52
2403.28
2403.03
2402.79
2402.54
2402.3
2402.05
2401.81
2401.56
2401.32
2401.08
2400.83
2400.59
2400.35
2400.11
2399.87
2399.62
2399.37
2399.13
2398.89
2398.64
2398.4
2398.15
2397.91
2397.67
2397.43
2397.19
2396.94
2396.7
2396.46
2396.22
2395.98
2395.74
2395.5
2395.25
2395.01
2394.77
2394.52
2394.28
2394.04
2393.8
2393.56
2393.32
2393.08
2392.84
2392.6
2392.36
2392.12
2391.88
2391.64
2391.4
2391.15
2390.91
2390.67
2390.43
2390.19
2389.95
2389.71
2389.47
2389.23
2388.99
2388.75
2388.52
2388.28
2388.04
2387.8
2387.56
2387.32
2387.08
2386.84
2386.6
2386.36
2386.12
2385.88
2385.65
2385.41
2385.17
2384.93
2384.7
2384.46
2384.22
2383.99
2383.75
2383.51
2383.27
2383.03
2382.79
2382.55
2382.32
2382.08
2381.84
2381.61
2381.37
2381.13
2380.9
2380.66
2380.43
2380.19
2379.96
2379.72
2379.48
2379.25
2379.01
2378.77
2378.53
2378.3
2378.06
2377.82
2377.59
2377.35
2377.12
2376.88
2376.65
2376.42
2376.18
2375.95
2375.72
2375.48
2375.24
2375.01
2374.77
2374.54
2374.3
2374.06
2373.83
2373.6
2373.36
2373.13
2372.89
2372.66
2372.43
2372.2
2371.97
2371.74
2371.5
2371.26
2371.03
2370.79
2370.56
2370.33
2370.09
2369.86
2369.63
2369.39
2369.16
2368.93
2368.7
2368.47
2368.24
2368.01
2367.78
2367.54
2367.31
2367.07
2366.84
2366.61
2366.38
2366.14
2365.91
2365.68
2365.45
2365.22
2364.99
2364.76
2364.53
2364.3
2364.07
2363.84
2363.61
2363.38
2363.14
2362.91
2362.68
2362.45
2362.22
2361.99
2361.75
2361.52
2361.29
2361.07
2360.84
2360.61
2360.38
2360.15
2359.92
2359.7
2359.47
2359.23
2359
2358.77
2358.54
2358.31
2358.08
2357.85
2357.62
2357.39
2357.17
2356.94
2356.71
2356.48
2356.26
2356.03
2355.8
2355.58
2355.35
2355.12
2354.89
2354.66
2354.43
2354.2
2353.97
2353.74
2353.52
2353.29
2353.06
2352.83
2352.61
2352.38
2352.16
2351.93
2351.71
2351.48
2351.25
2351.02
2350.79
2350.57
2350.34
2350.11
2349.88
2349.66
2349.43
2349.21
2348.98
2348.75
2348.53
2348.31
2348.08
2347.86
2347.63
2347.41
2347.18
2346.95
2346.73
2346.5
2346.27
2346.05
2345.82
2345.6
2345.37
2345.15
2344.92
2344.7
2344.47
2344.25
2344.03
2343.81
2343.58
2343.36
2343.13
2342.91
2342.68
2342.46
2342.23
2342
2341.78
2341.56
2341.33
2341.11
2340.89
2340.66
2340.44
2340.22
2340
2339.78
2339.56
2339.33
2339.11
2338.88
2338.66
2338.43
2338.21
2337.99
2337.76
2337.54
2337.32
2337.09
2336.87
2336.65
2336.43
2336.21
2335.99
2335.77
2335.55
2335.33
2335.1
2334.88
2334.66
2334.43
2334.21
2333.99
2333.77
2333.55
2333.32
2333.1
2332.88
2332.66
2332.44
2332.22
2332
2331.78
2331.56
2331.34
2331.12
2330.9
2330.68
2330.46
2330.23
2330.01
2329.79
2329.57
2329.35
2329.13
2328.91
2328.69
2328.47
2328.25
2328.04
2327.82
2327.6
2327.38
2327.16
2326.94
2326.72
2326.5
2326.28
2326.06
2325.84
2325.62
2325.4
2325.18
2324.96
2324.75
2324.53
2324.31
2324.09
2323.88
2323.66
2323.44
2323.22
2323.01
2322.79
2322.57
2322.35
2322.13
2321.91
2321.69
2321.47
2321.25
2321.04
2320.82
2320.6
2320.39
2320.17
2319.95
2319.74
2319.52
2319.31
2319.09
2318.87
2318.65
2318.43
2318.21
2318
2317.78
2317.56
2317.35
2317.13
2316.91
2316.7
2316.48
2316.27
2316.05
2315.84
2315.62
2315.41
2315.19
2314.98
2314.76
2314.54
2314.32
2314.11
2313.89
2313.67
2313.46
2313.24
2313.03
2312.81
2312.6
2312.38
2312.17
2311.95
2311.74
2311.53
2311.32
2311.1
2310.88
2310.67
2310.45
2310.24
2310.02
2309.8
2309.59
2309.37
2309.16
2308.95
2308.73
2308.52
2308.31
2308.09
2307.88
2307.67
2307.46
2307.24
2307.03
2306.82
2306.6
2306.38
2306.17
2305.96
2305.74
2305.53
2305.31
2305.1
2304.89
2304.67
2304.46
2304.25
2304.04
2303.83
2303.62
2303.41
2303.19
2302.98
2302.77
2302.55
2302.34
2302.12
2301.91
2301.7
2301.49
2301.27
2301.06
2300.85
2300.64
2300.43
2300.22
2300.01
2299.79
2299.58
2299.37
2299.17
2298.95
2298.74
2298.53
2298.31
2298.1
2297.89
2297.68
2297.47
2297.25
2297.04
2296.83
2296.62
2296.41
2296.2
2295.99
2295.78
2295.57
2295.36
2295.16
2294.95
2294.73
2294.52
2294.31
2294.1
2293.89
2293.68
2293.47
2293.26
2293.05
2292.84
2292.63
2292.42
2292.21
2292
2291.79
2291.58
2291.38
2291.17
2290.96
2290.75
2290.54
2290.33
2290.12
2289.91
2289.7
2289.49
2289.28
2289.07
2288.86
2288.65
2288.44
2288.23
2288.03
2287.82
2287.61
2287.41
2287.2
2286.99
2286.78
2286.57
2286.36
2286.15
2285.94
2285.74
2285.53
2285.32
2285.11
2284.9
2284.69
2284.49
2284.28
2284.07
2283.87
2283.66
2283.45
2283.25
2283.04
2282.84
2282.63
2282.42
2282.21
2282
2281.79
2281.59
2281.38
2281.17
2280.96
2280.76
2280.55
2280.35
2280.14
2279.93
2279.73
2279.52
2279.32
2279.11
2278.91
2278.7
2278.49
2278.29
2278.08
2277.87
2277.67
2277.46
2277.25
2277.05
2276.84
2276.63
2276.43
2276.23
2276.02
2275.81
2275.61
2275.41
2275.2
2275
2274.8
2274.59
2274.38
2274.18
2273.97
2273.76
2273.56
2273.35
2273.15
2272.94
2272.74
2272.53
2272.33
2272.12
2271.92
2271.72
2271.51
2271.31
2271.11
2270.91
2270.7
2270.5
2270.29
2270.09
2269.88
2269.67
2269.47
2269.27
2269.06
2268.86
2268.65
2268.45
2268.25
2268.04
2267.84
2267.64
2267.44
2267.24
2267.03
2266.83
2266.63
2266.43
2266.22
2266.02
2265.81
2265.61
2265.4
2265.2
2265
2264.79
2264.59
2264.39
2264.19
2263.98
2263.78
2263.58
2263.38
2263.18
2262.98
2262.78
2262.58
2262.37
2262.17
2261.97
2261.76
2261.56
2261.36
2261.15
2260.95
2260.75
2260.55
2260.35
2260.15
2259.94
2259.74
2259.54
2259.34
2259.14
2258.94
2258.74
2258.54
2258.34
2258.14
2257.94
2257.73
2257.53
2257.33
2257.13
2256.93
2256.73
2256.53
2256.32
2256.12
2255.92
2255.73
2255.52
2255.33
2255.13
2254.93
2254.73
2254.53
2254.33
2254.13
2253.93
2253.72
2253.52
2253.32
2253.12
2252.92
2252.72
2252.52
2252.32
2252.12
2251.92
2251.73
2251.53
2251.33
2251.13
2250.93
2250.73
2250.54
2250.34
2250.14
2249.93
2249.73
2249.53
2249.33
2249.13
2248.94
2248.74
2248.54
2248.34
2248.14
2247.94
2247.74
2247.55
2247.35
2247.15
2246.95
2246.76
2246.56
2246.36
2246.16
2245.96
2245.76
2245.56
2245.36
2245.17
2244.97
2244.77
2244.57
2244.37
2244.18
2243.98
2243.78
2243.58
2243.39
2243.19
2242.99
2242.8
2242.6
2242.41
2242.21
2242.01
2241.81
2241.61
2241.41
2241.22
2241.02
2240.82
2240.62
2240.43
2240.23
2240.03
2239.84
2239.64
2239.45
2239.25
2239.06
2238.86
2238.66
2238.47
2238.27
2238.08
2237.88
2237.68
2237.48
2237.29
2237.09
2236.89
2236.7
2236.5
2236.3
2236.11
2235.91
2235.72
2235.52
2235.33
2235.13
2234.94
2234.74
2234.55
2234.36
2234.16
2233.96
2233.77
2233.57
2233.37
2233.18
2232.98
2232.79
2232.59
2232.39
2232.2
2232
2231.81
2231.62
2231.42
2231.23
2231.04
2230.84
2230.65
2230.46
2230.26
2230.07
2229.87
2229.67
2229.48
2229.28
2229.09
2228.89
2228.7
2228.5
2228.31
2228.12
2227.92
2227.73
2227.53
2227.34
2227.15
2226.96
2226.76
2226.57
2226.38
2226.19
2225.99
2225.8
2225.6
2225.41
2225.21
2225.02
2224.82
2224.63
2224.44
2224.24
2224.05
2223.86
2223.67
2223.47
2223.28
2223.09
2222.9
2222.71
2222.52
2222.32
2222.13
2221.94
2221.74
2221.55
2221.36
2221.16
2220.97
2220.78
2220.58
2220.39
2220.2
2220.01
2219.81
2219.62
2219.43
2219.24
2219.05
2218.86
2218.67
2218.48
2218.29
2218.09
2217.9
2217.71
2217.52
2217.32
2217.13
2216.94
2216.75
2216.55
2216.36
2216.17
2215.98
2215.79
2215.6
2215.41
2215.22
2215.03
2214.84
2214.65
2214.46
2214.27
2214.08
2213.89
2213.69
2213.5
2213.31
2213.12
2212.93
2212.73
2212.54
2212.35
2212.16
2211.97
2211.78
2211.59
2211.4
2211.21
2211.02
2210.83
2210.65
2210.46
2210.27
2210.08
2209.89
2209.7
2209.51
2209.31
2209.12
2208.93
2208.74
2208.55
2208.36
2208.17
2207.98
2207.79
2207.6
2207.42
2207.23
2207.04
2206.85
2206.66
2206.47
2206.29
2206.1
2205.91
2205.72
2205.53
2205.34
2205.15
2204.96
2204.77
2204.58
2204.39
2204.2
2204.01
2203.82
2203.64
2203.45
2203.26
2203.07
2202.88
2202.7
2202.51
2202.32
2202.14
2201.95
2201.76
2201.57
2201.38
2201.19
2201
2200.81
2200.63
2200.44
2200.25
2200.06
2199.87
2199.69
2199.5
2199.31
2199.12
2198.94
2198.75
2198.56
2198.38
2198.19
2198.01
2197.82
2197.63
2197.44
2197.25
2197.06
2196.88
2196.69
2196.5
2196.31
2196.13
2195.94
2195.75
2195.57
2195.38
2195.19
2195.01
2194.82
2194.64
2194.45
2194.27
2194.08
2193.9
2193.71
2193.52
2193.33
2193.15
2192.96
2192.77
2192.58
2192.4
2192.21
2192.03
2191.84
2191.65
2191.47
2191.28
2191.1
2190.91
2190.73
2190.54
2190.36
2190.17
2189.99
2189.8
2189.62
2189.43
2189.24
2189.06
2188.87
2188.69
2188.5
2188.31
2188.13
2187.94
2187.76
2187.57
2187.39
2187.2
2187.02
2186.84
2186.65
2186.47
2186.28
2186.1
2185.92
2185.73
2185.55
2185.36
2185.17
2184.99
2184.8
2184.62
2184.43
2184.25
2184.06
2183.88
2183.7
2183.51
2183.33
2183.14
2182.96
2182.78
2182.59
2182.41
2182.23
2182.05
2181.86
2181.68
2181.5
2181.31
2181.12
2180.94
2180.76
2180.57
2180.39
2180.2
2180.02
2179.84
2179.65
2179.47
2179.29
2179.1
2178.92
2178.74
2178.56
2178.37
2178.19
2178.01
2177.83
2177.65
2177.46
2177.28
2177.09
2176.91
2176.73
2176.54
2176.36
2176.18
2175.99
2175.81
2175.63
2175.45
2175.26
2175.08
2174.9
2174.72
2174.54
2174.36
2174.18
2173.99
2173.81
2173.63
2173.45
2173.27
2173.08
2172.9
2172.72
2172.53
2172.35
2172.17
2171.99
2171.8
2171.62
2171.44
2171.26
2171.08
2170.9
2170.72
2170.54
2170.36
2170.18
2170
2169.82
2169.64
2169.45
2169.27
2169.09
2168.91
2168.73
2168.54
2168.36
2168.18
2168
2167.82
2167.64
2167.46
2167.28
2167.1
2166.92
2166.74
2166.56
2166.38
2166.2
2166.02
2165.84
2165.66
2165.48
2165.3
2165.12
2164.93
2164.75
2164.57
2164.39
2164.21
2164.03
2163.85
2163.67
2163.49
2163.31
2163.13
2162.95
2162.77
2162.59
2162.41
2162.23
2162.06
2161.88
2161.7
2161.52
2161.34
2161.16
2160.98
2160.8
2160.62
2160.44
2160.26
2160.08
2159.9
2159.72
2159.54
2159.36
2159.18
2159
2158.83
2158.65
2158.47
2158.29
2158.11
2157.94
2157.76
2157.58
2157.4
2157.22
2157.04
2156.86
2156.68
2156.5
2156.32
2156.15
2155.97
2155.79
2155.61
2155.43
2155.25
2155.08
2154.9
2154.72
2154.54
2154.37
2154.19
2154.01
2153.84
2153.66
2153.48
2153.3
2153.12
2152.94
2152.77
2152.59
2152.41
2152.23
2152.05
2151.88
2151.7
2151.52
2151.34
2151.17
2150.99
2150.81
2150.63
2150.46
2150.28
2150.11
2149.93
2149.75
2149.58
2149.4
2149.22
2149.04
2148.87
2148.69
2148.51
2148.33
2148.16
2147.98
2147.8
2147.63
2147.45
2147.27
2147.1
2146.92
2146.74
2146.57
2146.39
2146.22
2146.04
2145.87
2145.69
2145.51
2145.34
2145.16
2144.98
2144.81
2144.63
2144.45
2144.28
2144.1
2143.92
2143.75
2143.57
2143.4
2143.22
2143.04
2142.87
2142.69
2142.52
2142.34
2142.17
2141.99
2141.82
2141.65
2141.47
2141.3
2141.12
2140.94
2140.77
2140.59
2140.41
2140.24
2140.06
2139.89
2139.71
2139.54
2139.36
2139.19
2139.01
2138.84
2138.66
2138.49
2138.31
2138.14
2137.97
2137.79
2137.62
2137.45
2137.27
2137.1
2136.92
2136.75
2136.57
2136.39
2136.22
2136.04
2135.87
2135.69
2135.52
2135.35
2135.17
2135
2134.82
2134.65
2134.48
2134.3
2134.13
2133.96
2133.79
2133.61
2133.44
2133.27
2133.09
2132.92
2132.74
2132.57
2132.39
2132.22
2132.04
2131.87
2131.7
2131.52
2131.35
2131.18
2131
2130.83
2130.66
2130.48
2130.31
2130.14
2129.97
2129.79
2129.62
2129.45
2129.28
2129.1
2128.93
2128.76
2128.58
2128.41
2128.23
2128.06
2127.89
2127.71
2127.54
2127.37
2127.2
2127.02
2126.85
2126.68
2126.51
2126.33
2126.16
2125.99
2125.82
2125.65
2125.48
2125.31
2125.13
2124.96
2124.79
2124.61
2124.44
2124.27
2124.09
2123.92
2123.75
2123.58
2123.41
2123.23
2123.06
2122.89
2122.72
2122.55
2122.38
2122.2
2122.03
2121.86
2121.69
2121.52
2121.35
2121.18
2121.01
2120.84
2120.66
2120.49
2120.32
2120.15
2119.97
2119.8
2119.63
2119.46
2119.29
2119.12
2118.95
2118.78
2118.6
2118.43
2118.26
2118.09
2117.92
2117.75
2117.58
2117.41
2117.24
2117.07
2116.9
2116.73
2116.56
2116.39
2116.21
2116.04
2115.87
2115.7
2115.53
2115.36
2115.19
2115.02
2114.85
2114.68
2114.51
2114.34
2114.17
2114
2113.83
2113.66
2113.49
2113.32
2113.15
2112.98
2112.81
2112.64
2112.47
2112.3
2112.13
2111.96
2111.79
2111.62
2111.45
2111.28
2111.11
2110.94
2110.77
2110.6
2110.43
2110.26
2110.09
2109.92
2109.76
2109.59
2109.42
2109.25
2109.08
2108.91
2108.74
2108.57
2108.4
2108.23
2108.06
2107.89
2107.72
2107.55
2107.38
2107.21
2107.04
2106.88
2106.71
2106.54
2106.37
2106.2
2106.03
2105.87
2105.7
2105.53
2105.36
2105.2
2105.03
2104.86
2104.69
2104.52
2104.35
2104.18
2104.01
2103.84
2103.67
2103.5
2103.34
2103.17
2103
2102.83
2102.66
2102.5
2102.33
2102.16
2101.99
2101.83
2101.66
2101.49
2101.33
2101.16
2100.99
2100.82
2100.65
2100.48
2100.32
2100.15
2099.98
2099.81
2099.64
2099.47
2099.31
2099.14
2098.97
2098.8
2098.64
2098.47
2098.3
2098.14
2097.97
2097.8
2097.64
2097.47
2097.3
2097.14
2096.97
2096.8
2096.63
2096.47
2096.3
2096.13
2095.96
2095.8
2095.63
2095.46
2095.29
2095.13
2094.96
2094.79
2094.63
2094.46
2094.29
2094.13
2093.96
2093.8
2093.63
2093.46
2093.3
2093.13
2092.97
2092.8
2092.63
2092.46
2092.3
2092.13
2091.96
2091.8
2091.63
2091.46
2091.3
2091.13
2090.96
2090.8
2090.63
2090.47
2090.3
2090.14
2089.97
2089.8
2089.64
2089.47
2089.31
2089.15
2088.98
2088.81
2088.65
2088.48
2088.31
2088.15
2087.98
2087.81
2087.65
2087.48
2087.32
2087.15
2086.98
2086.82
2086.65
2086.49
2086.32
2086.16
2085.99
2085.83
2085.66
2085.5
2085.34
2085.17
2085.01
2084.84
2084.68
2084.51
2084.34
2084.18
2084.01
2083.85
2083.68
2083.52
2083.35
2083.19
2083.02
2082.86
2082.69
2082.53
2082.36
2082.2
2082.03
2081.87
2081.71
2081.54
2081.38
2081.21
2081.05
2080.89
2080.72
2080.56
2080.39
2080.23
2080.06
2079.9
2079.73
2079.57
2079.4
2079.24
2079.07
2078.91
2078.74
2078.58
2078.42
2078.25
2078.09
2077.92
2077.76
2077.6
2077.44
2077.27
2077.11
2076.95
2076.78
2076.62
2076.45
2076.29
2076.12
2075.96
2075.79
2075.63
2075.47
2075.3
2075.14
2074.97
2074.81
2074.65
2074.48
2074.32
2074.16
2073.99
2073.83
2073.67
2073.51
2073.34
2073.18
2073.02
2072.86
2072.69
2072.53
2072.36
2072.2
2072.04
2071.87
2071.71
2071.55
2071.38
2071.22
2071.06
2070.89
2070.73
2070.57
2070.4
2070.24
2070.08
2069.92
2069.76
2069.59
2069.43
2069.27
2069.11
2068.95
2068.78
2068.62
2068.46
2068.29
2068.13
2067.97
2067.8
2067.64
2067.48
2067.31
2067.15
2066.99
2066.83
2066.67
2066.5
2066.34
2066.18
2066.02
2065.86
2065.69
2065.53
2065.37
2065.21
2065.05
2064.89
2064.73
2064.56
2064.4
2064.24
2064.07
2063.91
2063.75
2063.59
2063.43
2063.26
2063.1
2062.94
2062.78
2062.62
2062.45
2062.29
2062.13
2061.97
2061.81
2061.65
2061.49
2061.33
2061.17
2061.01
2060.85
2060.68
2060.52
2060.36
2060.2
2060.04
2059.87
2059.71
2059.55
2059.39
2059.23
2059.07
2058.9
2058.74
2058.58
2058.42
2058.26
2058.1
2057.94
2057.78
2057.62
2057.46
2057.3
2057.14
2056.98
2056.82
2056.66
2056.5
2056.34
2056.17
2056.01
2055.85
2055.69
2055.53
2055.37
2055.21
2055.05
2054.89
2054.73
2054.56
2054.4
2054.24
2054.08
2053.92
2053.76
2053.6
2053.45
2053.29
2053.13
2052.97
2052.81
2052.65
2052.49
2052.33
2052.17
2052
2051.84
2051.68
2051.52
2051.36
2051.2
2051.04
2050.88
2050.72
2050.56
2050.4
2050.24
2050.08
2049.92
2049.77
2049.61
2049.45
2049.29
2049.13
2048.97
2048.81
2048.65
2048.49
2048.33
2048.17
2048.01
2047.85
2047.69
2047.53
2047.37
2047.21
2047.05
2046.89
2046.73
2046.58
2046.42
2046.26
2046.1
2045.94
2045.78
2045.62
2045.46
2045.31
2045.15
2044.99
2044.83
2044.68
2044.52
2044.36
2044.2
2044.04
2043.88
2043.72
2043.56
2043.4
2043.24
2043.08
2042.92
2042.76
2042.6
2042.45
2042.29
2042.13
2041.97
2041.81
2041.66
2041.5
2041.34
2041.18
2041.03
2040.87
2040.71
2040.55
2040.39
2040.23
2040.08
2039.92
2039.76
2039.6
2039.44
2039.28
2039.12
2038.97
2038.81
2038.65
2038.49
2038.33
2038.18
2038.02
2037.86
2037.7
2037.55
2037.39
2037.23
2037.08
2036.92
2036.76
2036.61
2036.45
2036.29
2036.13
2035.97
2035.82
2035.66
2035.5
2035.34
2035.18
2035.03
2034.87
2034.71
2034.55
2034.4
2034.24
2034.08
2033.93
2033.77
2033.61
2033.46
2033.3
2033.14
2032.99
2032.83
2032.68
2032.52
2032.36
2032.2
2032.05
2031.89
2031.73
2031.57
2031.42
2031.26
2031.1
2030.95
2030.79
2030.63
2030.47
2030.32
2030.16
2030.01
2029.85
2029.69
2029.54
2029.38
2029.23
2029.07
2028.91
2028.76
2028.6
2028.45
2028.29
2028.13
2027.98
2027.82
2027.66
2027.51
2027.35
2027.19
2027.04
2026.88
2026.72
2026.57
2026.41
2026.26
2026.1
2025.95
2025.79
2025.64
2025.48
2025.32
2025.17
2025.01
2024.86
2024.71
2024.55
2024.4
2024.24
2024.08
2023.93
2023.77
2023.61
2023.46
2023.3
2023.15
2022.99
2022.83
2022.68
2022.52
2022.37
2022.21
2022.06
2021.9
2021.75
2021.59
2021.44
2021.29
2021.13
2020.98
2020.82
2020.67
2020.51
2020.36
2020.2
2020.05
2019.89
2019.74
2019.58
2019.43
2019.27
2019.12
2018.96
2018.81
2018.65
2018.5
2018.34
2018.19
2018.03
2017.88
2017.72
2017.57
2017.42
2017.26
2017.11
2016.96
2016.8
2016.65
2016.5
2016.34
2016.19
2016.03
2015.88
2015.72
2015.57
2015.41
2015.26
2015.1
2014.95
2014.79
2014.64
2014.49
2014.33
2014.18
2014.03
2013.87
2013.72
2013.57
2013.41
2013.26
2013.11
2012.95
2012.8
2012.65
2012.5
2012.34
2012.19
2012.03
2011.88
2011.72
2011.57
2011.42
2011.26
2011.11
2010.96
2010.8
2010.65
2010.5
2010.34
2010.19
2010.04
2009.88
2009.73
2009.58
2009.42
2009.27
2009.12
2008.97
2008.82
2008.66
2008.51
2008.36
2008.21
2008.05
2007.9
2007.75
2007.59
2007.44
2007.29
2007.13
2006.98
2006.83
2006.67
2006.52
2006.37
2006.22
2006.06
2005.91
2005.76
2005.61
2005.46
2005.3
2005.15
2005
2004.85
2004.7
2004.55
2004.4
2004.24
2004.09
2003.94
2003.78
2003.63
2003.48
2003.33
2003.17
2003.02
2002.87
2002.72
2002.57
2002.41
2002.26
2002.11
2001.96
2001.81
2001.66
2001.5
2001.35
2001.2
2001.05
2000.9
2000.75
2000.6
2000.45
2000.3
2000.15
1999.99
1999.84
1999.69
1999.54
1999.39
1999.23
1999.08
1998.93
1998.78
1998.63
1998.48
1998.33
1998.17
1998.02
1997.87
1997.72
1997.57
1997.42
1997.27
1997.12
1996.97
1996.82
1996.67
1996.52
1996.37
1996.22
1996.07
1995.92
1995.76
1995.61
1995.46
1995.31
1995.16
1995.01
1994.86
1994.71
1994.56
1994.41
1994.26
1994.11
1993.96
1993.81
1993.66
1993.51
1993.36
1993.21
1993.06
1992.91
1992.76
1992.61
1992.46
1992.31
1992.16
1992.01
1991.86
1991.71
1991.56
1991.41
1991.26
1991.11
1990.96
1990.81
1990.66
1990.51
1990.36
1990.21
1990.06
1989.91
1989.76
1989.61
1989.46
1989.31
1989.16
1989.01
1988.86
1988.72
1988.57
1988.42
1988.27
1988.12
1987.97
1987.82
1987.67
1987.52
1987.37
1987.22
1987.07
1986.92
1986.77
1986.62
1986.48
1986.33
1986.18
1986.03
1985.88
1985.73
1985.58
1985.43
1985.29
1985.14
1984.99
1984.84
1984.69
1984.55
1984.4
1984.25
1984.1
1983.95
1983.8
1983.65
1983.5
1983.35
1983.21
1983.06
1982.91
1982.76
1982.61
1982.46
1982.31
1982.17
1982.02
1981.87
1981.72
1981.58
1981.43
1981.28
1981.13
1980.99
1980.84
1980.69
1980.54
1980.4
1980.25
1980.1
1979.95
1979.8
1979.65
1979.51
1979.36
1979.21
1979.06
1978.91
1978.77
1978.62
1978.47
1978.32
1978.18
1978.03
1977.88
1977.74
1977.59
1977.44
1977.29
1977.15
1977
1976.85
1976.71
1976.56
1976.42
1976.27
1976.12
1975.97
1975.82
1975.68
1975.53
1975.38
1975.23
1975.09
1974.94
1974.79
1974.65
1974.5
1974.35
1974.21
1974.06
1973.91
1973.77
1973.62
1973.47
1973.33
1973.18
1973.04
1972.89
1972.74
1972.6
1972.45
1972.31
1972.16
1972.01
1971.86
1971.72
1971.57
1971.42
1971.28
1971.13
1970.99
1970.84
1970.69
1970.55
1970.4
1970.25
1970.11
1969.96
1969.82
1969.67
1969.53
1969.38
1969.23
1969.09
1968.94
1968.8
1968.65
1968.51
1968.36
1968.22
1968.07
1967.93
1967.78
1967.63
1967.49
1967.34
1967.2
1967.05
1966.9
1966.76
1966.61
1966.47
1966.32
1966.18
1966.03
1965.89
1965.74
1965.6
1965.45
1965.31
1965.16
1965.02
1964.87
1964.73
1964.59
1964.44
1964.3
1964.15
1964.01
1963.86
1963.71
1963.57
1963.42
1963.28
1963.13
1962.99
1962.84
1962.7
1962.55
1962.41
1962.26
1962.12
1961.98
1961.83
1961.69
1961.54
1961.4
1961.26
1961.11
1960.97
1960.83
1960.68
1960.54
1960.39
1960.25
1960.11
1959.96
1959.82
1959.67
1959.53
1959.38
1959.24
1959.09
1958.95
1958.81
1958.66
1958.52
1958.37
1958.23
1958.09
1957.94
1957.8
1957.66
1957.51
1957.37
1957.23
1957.08
1956.94
1956.8
1956.65
1956.51
1956.37
1956.22
1956.08
1955.94
1955.79
1955.65
1955.5
1955.36
1955.22
1955.07
1954.93
1954.79
1954.64
1954.5
1954.36
1954.21
1954.07
1953.93
1953.79
1953.64
1953.5
1953.36
1953.22
1953.07
1952.93
1952.79
1952.65
1952.51
1952.36
1952.22
1952.08
1951.93
1951.79
1951.65
1951.5
1951.36
1951.22
1951.08
1950.93
1950.79
1950.65
1950.51
1950.36
1950.22
1950.08
1949.94
1949.79
1949.65
1949.51
1949.37
1949.23
1949.09
1948.95
1948.8
1948.66
1948.52
1948.38
1948.24
1948.09
1947.95
1947.81
1947.67
1947.52
1947.38
1947.24
1947.1
1946.96
1946.81
1946.67
1946.53
1946.39
1946.25
1946.11
1945.97
1945.82
1945.68
1945.54
1945.4
1945.26
1945.12
1944.98
1944.84
1944.7
1944.56
1944.41
1944.27
1944.13
1943.99
1943.85
1943.71
1943.56
1943.42
1943.28
1943.14
1943
1942.86
1942.72
1942.58
1942.44
1942.3
1942.15
1942.01
1941.87
1941.73
1941.59
1941.45
1941.31
1941.17
1941.03
1940.89
1940.75
1940.61
1940.47
1940.33
1940.19
1940.05
1939.91
1939.77
1939.63
1939.49
1939.35
1939.2
1939.06
1938.92
1938.78
1938.64
1938.5
1938.36
1938.22
1938.08
1937.94
1937.81
1937.67
1937.53
1937.39
1937.25
1937.11
1936.97
1936.83
1936.69
1936.55
1936.41
1936.27
1936.13
1935.99
1935.85
1935.71
1935.57
1935.43
1935.29
1935.15
1935.01
1934.87
1934.73
1934.59
1934.45
1934.31
1934.17
1934.04
1933.9
1933.76
1933.62
1933.48
1933.34
1933.2
1933.07
1932.93
1932.79
1932.65
1932.51
1932.37
1932.23
1932.09
1931.95
1931.81
1931.67
1931.53
1931.39
1931.26
1931.12
1930.98
1930.84
1930.7
1930.56
1930.42
1930.29
1930.15
1930.01
1929.87
1929.73
1929.6
1929.46
1929.32
1929.18
1929.05
1928.91
1928.77
1928.63
1928.49
1928.35
1928.21
1928.07
1927.94
1927.8
1927.66
1927.52
1927.38
1927.24
1927.11
1926.97
1926.83
1926.69
1926.56
1926.42
1926.28
1926.14
1926.01
1925.87
1925.73
1925.59
1925.46
1925.32
1925.18
1925.05
1924.91
1924.77
1924.63
1924.49
1924.36
1924.22
1924.08
1923.94
1923.81
1923.67
1923.53
1923.39
1923.25
1923.12
1922.98
1922.84
1922.71
1922.57
1922.43
1922.3
1922.16
1922.02
1921.89
1921.75
1921.61
1921.48
1921.34
1921.21
1921.07
1920.93
1920.79
1920.66
1920.52
1920.38
1920.25
1920.11
1919.97
1919.83
1919.7
1919.56
1919.42
1919.29
1919.15
1919.02
1918.88
1918.74
1918.61
1918.47
1918.33
1918.2
1918.06
1917.93
1917.79
1917.66
1917.52
1917.39
1917.25
1917.11
1916.98
1916.84
1916.7
1916.57
1916.43
1916.29
1916.16
1916.02
1915.89
1915.75
1915.61
1915.48
1915.34
1915.21
1915.07
1914.94
1914.8
1914.66
1914.53
1914.39
1914.26
1914.12
1913.99
1913.85
1913.72
1913.58
1913.45
1913.31
1913.18
1913.04
1912.91
1912.77
1912.64
1912.5
1912.36
1912.23
1912.09
1911.96
1911.82
1911.69
1911.55
1911.42
1911.28
1911.15
1911.01
1910.88
1910.74
1910.61
1910.48
1910.34
1910.21
1910.07
1909.94
1909.8
1909.67
1909.54
1909.4
1909.27
1909.13
1909
1908.86
1908.73
1908.59
1908.46
1908.32
1908.19
1908.05
1907.92
1907.78
1907.65
1907.52
1907.38
1907.25
1907.11
1906.98
1906.85
1906.71
1906.58
1906.44
1906.31
1906.18
1906.04
1905.91
1905.78
1905.64
1905.51
1905.38
1905.24
1905.11
1904.97
1904.84
1904.7
1904.57
1904.44
1904.3
1904.17
1904.04
1903.9
1903.77
1903.63
1903.5
1903.37
1903.24
1903.1
1902.97
1902.84
1902.7
1902.57
1902.44
1902.3
1902.17
1902.04
1901.91
1901.77
1901.64
1901.51
1901.37
1901.24
1901.11
1900.97
1900.84
1900.71
1900.57
1900.44
1900.31
1900.17
1900.04
1899.91
1899.78
1899.64
1899.51
1899.38
1899.25
1899.11
1898.98
1898.85
1898.72
1898.58
1898.45
1898.32
1898.19
1898.06
1897.92
1897.79
1897.66
1897.53
1897.39
1897.26
1897.13
1897
1896.86
1896.73
1896.6
1896.47
1896.33
1896.2
1896.07
1895.94
1895.81
1895.67
1895.54
1895.41
1895.28
1895.15
1895.01
1894.88
1894.75
1894.62
1894.49
1894.36
1894.23
1894.1
1893.97
1893.83
1893.7
1893.57
1893.44
1893.3
1893.17
1893.04
1892.91
1892.78
1892.65
1892.51
1892.38
1892.25
1892.12
1891.99
1891.86
1891.73
1891.6
1891.46
1891.33
1891.2
1891.07
1890.94
1890.81
1890.68
1890.55
1890.42
1890.29
1890.16
1890.03
1889.9
1889.77
1889.63
1889.5
1889.37
1889.24
1889.11
1888.98
1888.85
1888.72
1888.59
1888.45
1888.32
1888.19
1888.06
1887.93
1887.8
1887.67
1887.54
1887.41
1887.28
1887.15
1887.02
1886.89
1886.76
1886.63
1886.5
1886.37
1886.24
1886.11
1885.98
1885.85
1885.72
1885.59
1885.46
1885.33
1885.2
1885.07
1884.94
1884.81
1884.68
1884.55
1884.42
1884.29
1884.16
1884.03
1883.9
1883.77
1883.64
1883.51
1883.38
1883.25
1883.12
1883
1882.87
1882.74
1882.61
1882.48
1882.35
1882.22
1882.09
1881.96
1881.83
1881.7
1881.57
1881.44
1881.31
1881.18
1881.05
1880.92
1880.79
1880.67
1880.54
1880.41
1880.28
1880.15
1880.02
1879.89
1879.76
1879.63
1879.51
1879.38
1879.25
1879.12
1878.99
1878.87
1878.74
1878.61
1878.48
1878.35
1878.22
1878.09
1877.96
1877.83
1877.7
1877.58
1877.45
1877.32
1877.19
1877.06
1876.93
1876.8
1876.68
1876.55
1876.42
1876.29
1876.16
1876.04
1875.91
1875.78
1875.65
1875.52
1875.4
1875.27
1875.14
1875.01
1874.89
1874.76
1874.63
1874.5
1874.37
1874.24
1874.12
1873.99
1873.86
1873.73
1873.6
1873.48
1873.35
1873.22
1873.09
1872.96
1872.84
1872.71
1872.58
1872.46
1872.33
1872.2
1872.07
1871.95
1871.82
1871.69
1871.57
1871.44
1871.31
1871.19
1871.06
1870.93
1870.8
1870.67
1870.55
1870.42
1870.29
1870.16
1870.04
1869.91
1869.78
1869.66
1869.53
1869.4
1869.27
1869.15
1869.02
1868.89
1868.77
1868.64
1868.51
1868.39
1868.26
1868.14
1868.01
1867.88
1867.76
1867.63
1867.5
1867.38
1867.25
1867.12
1867
1866.87
1866.74
1866.62
1866.49
1866.36
1866.24
1866.11
1865.98
1865.86
1865.73
1865.6
1865.48
1865.35
1865.23
1865.1
1864.97
1864.85
1864.72
1864.6
1864.47
1864.34
1864.22
1864.09
1863.97
1863.84
1863.72
1863.59
1863.47
1863.34
1863.21
1863.09
1862.96
1862.83
1862.71
1862.58
1862.46
1862.33
1862.21
1862.08
1861.95
1861.83
1861.7
1861.58
1861.45
1861.33
1861.2
1861.08
1860.95
1860.83
1860.7
1860.58
1860.45
1860.33
1860.2
1860.08
1859.95
1859.83
1859.7
1859.58
1859.45
1859.33
1859.2
1859.07
1858.95
1858.82
1858.7
1858.57
1858.45
1858.32
1858.2
1858.07
1857.95
1857.82
1857.7
1857.58
1857.45
1857.33
1857.2
1857.08
1856.95
1856.83
1856.7
1856.58
1856.46
1856.33
1856.21
1856.09
1855.96
1855.84
1855.71
1855.59
1855.46
1855.34
1855.21
1855.09
1854.96
1854.84
1854.71
1854.59
1854.47
1854.34
1854.22
1854.09
1853.97
1853.85
1853.72
1853.6
1853.47
1853.35
1853.23
1853.1
1852.98
1852.86
1852.73
1852.61
1852.49
1852.36
1852.24
1852.12
1851.99
1851.87
1851.74
1851.62
1851.5
1851.37
1851.25
1851.12
1851
1850.88
1850.75
1850.63
1850.51
1850.38
1850.26
1850.14
1850.01
1849.89
1849.77
1849.64
1849.52
1849.4
1849.28
1849.15
1849.03
1848.91
1848.79
1848.66
1848.54
1848.42
1848.29
1848.17
1848.05
1847.92
1847.8
1847.68
1847.55
1847.43
1847.31
1847.18
1847.06
1846.94
1846.82
1846.69
1846.57
1846.45
1846.33
1846.2
1846.08
1845.96
1845.84
1845.71
1845.59
1845.47
1845.35
1845.23
1845.1
1844.98
1844.86
1844.74
1844.62
1844.49
1844.37
1844.25
1844.13
1844
1843.88
1843.76
1843.64
1843.51
1843.39
1843.27
1843.15
1843.02
1842.9
1842.78
1842.66
1842.54
1842.42
1842.29
1842.17
1842.05
1841.93
1841.81
1841.69
1841.57
1841.44
1841.32
1841.2
1841.08
1840.96
1840.84
1840.72
1840.59
1840.47
1840.35
1840.23
1840.11
1839.98
1839.86
1839.74
1839.62
1839.5
1839.38
1839.26
1839.14
1839.01
1838.89
1838.77
1838.65
1838.53
1838.41
1838.29
1838.17
1838.05
1837.93
1837.81
1837.68
1837.56
1837.44
1837.32
1837.2
1837.08
1836.96
1836.84
1836.72
1836.6
1836.48
1836.35
1836.23
1836.11
1835.99
1835.87
1835.75
1835.63
1835.51
1835.39
1835.27
1835.15
1835.03
1834.91
1834.79
1834.67
1834.55
1834.43
1834.31
1834.19
1834.07
1833.95
1833.83
1833.71
1833.59
1833.47
1833.35
1833.23
1833.1
1832.98
1832.86
1832.74
1832.62
1832.5
1832.38
1832.26
1832.14
1832.02
1831.9
1831.78
1831.66
1831.54
1831.42
1831.3
1831.18
1831.07
1830.95
1830.83
1830.71
1830.59
1830.47
1830.35
1830.23
1830.11
1829.99
1829.87
1829.75
1829.63
1829.51
1829.39
1829.27
1829.15
1829.03
1828.92
1828.8
1828.68
1828.56
1828.44
1828.32
1828.2
1828.08
1827.96
1827.84
1827.72
1827.6
1827.48
1827.37
1827.25
1827.13
1827.01
1826.89
1826.77
1826.65
1826.54
1826.42
1826.3
1826.18
1826.06
1825.94
1825.82
1825.7
1825.58
1825.47
1825.35
1825.23
1825.11
1824.99
1824.87
1824.75
1824.63
1824.52
1824.4
1824.28
1824.16
1824.04
1823.92
1823.81
1823.69
1823.57
1823.45
1823.33
1823.22
1823.1
1822.98
1822.86
1822.75
1822.63
1822.51
1822.39
1822.27
1822.15
1822.04
1821.92
1821.8
1821.68
1821.56
1821.44
1821.33
1821.21
1821.09
1820.97
1820.85
1820.74
1820.62
1820.5
1820.38
1820.27
1820.15
1820.03
1819.91
1819.8
1819.68
1819.56
1819.45
1819.33
1819.21
1819.09
1818.98
1818.86
1818.74
1818.62
1818.51
1818.39
1818.27
1818.15
1818.04
1817.92
1817.8
1817.68
1817.57
1817.45
1817.33
1817.21
1817.1
1816.98
1816.86
1816.75
1816.63
1816.51
1816.4
1816.28
1816.16
1816.05
1815.93
1815.81
1815.7
1815.58
1815.46
1815.35
1815.23
1815.11
1815
1814.88
1814.76
1814.64
1814.53
1814.41
1814.29
1814.18
1814.06
1813.94
1813.83
1813.71
1813.59
1813.48
1813.36
1813.24
1813.13
1813.01
1812.9
1812.78
1812.66
1812.55
1812.43
1812.32
1812.2
1812.09
1811.97
1811.85
1811.74
1811.62
1811.51
1811.39
1811.27
1811.16
1811.04
1810.92
1810.81
1810.69
1810.58
1810.46
1810.34
1810.23
1810.11
1810
1809.88
1809.76
1809.65
1809.53
1809.42
1809.3
1809.19
1809.07
1808.96
1808.84
1808.73
1808.61
1808.5
1808.38
1808.26
1808.15
1808.04
1807.92
1807.8
1807.69
1807.57
1807.46
1807.34
1807.23
1807.11
1806.99
1806.88
1806.76
1806.65
1806.53
1806.42
1806.3
1806.19
1806.07
1805.96
1805.84
1805.73
1805.61
1805.5
1805.38
1805.27
1805.15
1805.04
1804.93
1804.81
1804.7
1804.58
1804.47
1804.35
1804.24
1804.12
1804.01
1803.89
1803.78
1803.66
1803.55
1803.43
1803.32
1803.2
1803.09
1802.98
1802.86
1802.75
1802.63
1802.52
1802.4
1802.29
1802.17
1802.06
1801.95
1801.83
1801.72
1801.6
1801.49
1801.38
1801.26
1801.15
1801.04
1800.92
1800.81
1800.69
1800.58
1800.47
1800.35
1800.24
1800.12
1800.01
1799.89
1799.78
1799.67
1799.55
1799.44
1799.32
1799.21
1799.1
1798.98
1798.87
1798.75
1798.64
1798.53
1798.41
1798.3
1798.19
1798.07
1797.96
1797.85
1797.73
1797.62
1797.51
1797.39
1797.28
1797.17
1797.06
1796.94
1796.83
1796.71
1796.6
1796.49
1796.37
1796.26
1796.15
1796.03
1795.92
1795.81
1795.69
1795.58
1795.47
1795.35
1795.24
1795.13
1795.02
1794.9
1794.79
1794.68
1794.56
1794.45
1794.34
1794.23
1794.11
1794
1793.89
1793.78
1793.66
1793.55
1793.44
1793.33
1793.21
1793.1
1792.99
1792.87
1792.76
1792.65
1792.54
1792.42
1792.31
1792.2
1792.08
1791.97
1791.86
1791.75
1791.63
1791.52
1791.41
1791.3
1791.19
1791.07
1790.96
1790.85
1790.74
1790.63
1790.51
1790.4
1790.29
1790.18
1790.07
1789.96
1789.84
1789.73
1789.62
1789.51
1789.39
1789.28
1789.17
1789.06
1788.95
1788.83
1788.72
1788.61
1788.5
1788.39
1788.27
1788.16
1788.05
1787.94
1787.83
1787.72
1787.6
1787.49
1787.38
1787.27
1787.16
1787.05
1786.94
1786.82
1786.71
1786.6
1786.49
1786.38
1786.27
1786.16
1786.05
1785.93
1785.82
1785.71
1785.6
1785.49
1785.38
1785.26
1785.15
1785.04
1784.93
1784.82
1784.71
1784.6
1784.49
1784.38
1784.26
1784.15
1784.04
1783.93
1783.82
1783.71
1783.6
1783.49
1783.38
1783.27
1783.16
1783.05
1782.94
1782.83
1782.72
1782.6
1782.49
1782.38
1782.27
1782.16
1782.05
1781.94
1781.83
1781.72
1781.61
1781.5
1781.38
1781.27
1781.16
1781.05
1780.94
1780.83
1780.72
1780.61
1780.5
1780.39
1780.28
1780.17
1780.06
1779.95
1779.84
1779.73
1779.62
1779.51
1779.4
1779.29
1779.18
1779.07
1778.96
1778.85
1778.74
1778.63
1778.52
1778.41
1778.3
1778.19
1778.08
1777.97
1777.86
1777.75
1777.64
1777.53
1777.42
1777.31
1777.2
1777.09
1776.98
1776.87
1776.76
1776.65
1776.54
1776.43
1776.33
1776.22
1776.11
1776
1775.89
1775.78
1775.67
1775.56
1775.45
1775.34
1775.23
1775.12
1775.01
1774.9
1774.79
1774.68
1774.57
1774.46
1774.36
1774.25
1774.14
1774.03
1773.92
1773.81
1773.7
1773.59
1773.48
1773.37
1773.26
1773.16
1773.05
1772.94
1772.83
1772.72
1772.61
1772.5
1772.4
1772.29
1772.18
1772.07
1771.96
1771.85
1771.74
1771.63
1771.52
1771.42
1771.31
1771.2
1771.09
1770.98
1770.87
1770.76
1770.65
1770.55
1770.44
1770.33
1770.22
1770.11
1770
1769.89
1769.79
1769.68
1769.57
1769.46
1769.35
1769.25
1769.14
1769.03
1768.92
1768.81
1768.71
1768.6
1768.49
1768.38
1768.27
1768.17
1768.06
1767.95
1767.84
1767.73
1767.62
1767.51
1767.41
1767.3
1767.19
1767.08
1766.98
1766.87
1766.76
1766.65
1766.54
1766.44
1766.33
1766.22
1766.11
1766.01
1765.9
1765.79
1765.68
1765.58
1765.47
1765.36
1765.25
1765.15
1765.04
1764.93
1764.82
1764.72
1764.61
1764.5
1764.39
1764.29
1764.18
1764.07
1763.96
1763.86
1763.75
1763.64
1763.53
1763.43
1763.32
1763.21
1763.1
1763
1762.89
1762.78
1762.68
1762.57
1762.46
1762.36
1762.25
1762.14
1762.04
1761.93
1761.82
1761.72
1761.61
1761.5
1761.4
1761.29
1761.18
1761.07
1760.97
1760.86
1760.75
1760.65
1760.54
1760.43
1760.32
1760.22
1760.11
1760
1759.9
1759.79
1759.68
1759.58
1759.47
1759.37
1759.26
1759.15
1759.05
1758.94
1758.83
1758.73
1758.62
1758.52
1758.41
1758.3
1758.2
1758.09
1757.99
1757.88
1757.77
1757.67
1757.56
1757.45
1757.35
1757.24
1757.13
1757.03
1756.92
1756.82
1756.71
1756.6
1756.5
1756.39
1756.29
1756.18
1756.07
1755.97
1755.86
1755.76
1755.65
1755.55
1755.44
1755.33
1755.23
1755.12
1755.02
1754.91
1754.81
1754.7
1754.6
1754.49
1754.38
1754.28
1754.17
1754.07
1753.96
1753.86
1753.75
1753.64
1753.54
1753.43
1753.33
1753.22
1753.12
1753.01
1752.9
1752.8
1752.69
1752.59
1752.48
1752.38
1752.27
1752.17
1752.06
1751.96
1751.85
1751.75
1751.64
1751.54
1751.43
1751.33
1751.23
1751.12
1751.02
1750.91
1750.8
1750.7
1750.59
1750.49
1750.38
1750.28
1750.17
1750.07
1749.96
1749.86
1749.75
1749.65
1749.54
1749.44
1749.33
1749.23
1749.12
1749.02
1748.92
1748.81
1748.71
1748.6
1748.5
1748.39
1748.29
1748.19
1748.08
1747.98
1747.87
1747.77
1747.67
1747.56
1747.46
1747.35
1747.25
1747.14
1747.04
1746.93
1746.83
1746.72
1746.62
1746.52
1746.41
1746.31
1746.2
1746.1
1745.99
1745.89
1745.79
1745.68
1745.58
1745.47
1745.37
1745.27
1745.16
1745.06
1744.95
1744.85
1744.75
1744.64
1744.54
1744.44
1744.33
1744.23
1744.13
1744.02
1743.92
1743.81
1743.71
1743.61
1743.5
1743.4
1743.29
1743.19
1743.09
1742.98
1742.88
1742.78
1742.67
1742.57
1742.46
1742.36
1742.26
1742.16
1742.05
1741.95
1741.84
1741.74
1741.64
1741.54
1741.43
1741.33
1741.23
1741.12
1741.02
1740.92
1740.81
1740.71
1740.61
1740.51
1740.4
1740.3
1740.19
1740.09
1739.99
1739.88
1739.78
1739.68
1739.57
1739.47
1739.37
1739.27
1739.16
1739.06
1738.96
1738.85
1738.75
1738.65
1738.55
1738.44
1738.34
1738.24
1738.14
1738.03
1737.93
1737.83
1737.73
1737.62
1737.52
1737.42
1737.32
1737.22
1737.11
1737.01
1736.91
1736.8
1736.7
1736.6
1736.5
1736.39
1736.29
1736.19
1736.09
1735.98
1735.88
1735.78
1735.68
1735.57
1735.47
1735.37
1735.27
1735.16
1735.06
1734.96
1734.86
1734.76
1734.65
1734.55
1734.45
1734.35
1734.25
1734.15
1734.04
1733.94
1733.84
1733.74
1733.64
1733.53
1733.43
1733.33
1733.23
1733.13
1733.02
1732.92
1732.82
1732.72
1732.62
1732.51
1732.41
1732.31
1732.21
1732.11
1732.01
1731.9
1731.8
1731.7
1731.6
1731.5
1731.4
1731.3
1731.19
1731.09
1730.99
1730.89
1730.79
1730.69
1730.59
1730.49
1730.38
1730.28
1730.18
1730.08
1729.98
1729.88
1729.78
1729.67
1729.57
1729.47
1729.37
1729.27
1729.17
1729.07
1728.96
1728.86
1728.76
1728.66
1728.56
1728.46
1728.36
1728.26
1728.16
1728.06
1727.96
1727.85
1727.75
1727.65
1727.55
1727.45
1727.35
1727.25
1727.15
1727.05
1726.95
1726.85
1726.75
1726.65
1726.55
1726.44
1726.34
1726.24
1726.14
1726.04
1725.94
1725.84
1725.74
1725.64
1725.54
1725.44
1725.34
1725.24
1725.14
1725.04
1724.94
1724.83
1724.73
1724.63
1724.53
1724.43
1724.33
1724.23
1724.13
1724.03
1723.93
1723.83
1723.73
1723.63
1723.53
1723.43
1723.33
1723.23
1723.13
1723.03
1722.93
1722.83
1722.73
1722.63
1722.53
1722.43
1722.33
1722.23
1722.13
1722.03
1721.93
1721.83
1721.73
1721.63
1721.53
1721.43
1721.33
1721.23
1721.13
1721.03
1720.93
1720.83
1720.74
1720.64
1720.54
1720.44
1720.34
1720.24
1720.14
1720.04
1719.94
1719.84
1719.74
1719.64
1719.54
1719.44
1719.34
1719.24
1719.14
1719.04
1718.94
1718.84
1718.74
1718.64
1718.55
1718.45
1718.35
1718.25
1718.15
1718.05
1717.95
1717.85
1717.75
1717.65
1717.55
1717.46
1717.36
1717.26
1717.16
1717.06
1716.96
1716.86
1716.76
1716.67
1716.57
1716.47
1716.37
1716.27
1716.17
1716.07
1715.97
1715.87
1715.77
1715.67
1715.58
1715.48
1715.38
1715.28
1715.18
1715.08
1714.98
1714.88
1714.79
1714.69
1714.59
1714.49
1714.39
1714.29
1714.2
1714.1
1714
1713.9
1713.8
1713.7
1713.61
1713.51
1713.41
1713.31
1713.21
1713.11
1713.01
1712.92
1712.82
1712.72
1712.62
1712.52
1712.42
1712.33
1712.23
1712.13
1712.03
1711.93
1711.83
1711.74
1711.64
1711.54
1711.44
1711.34
1711.25
1711.15
1711.05
1710.95
1710.85
1710.76
1710.66
1710.56
1710.46
1710.37
1710.27
1710.17
1710.07
1709.98
1709.88
1709.78
1709.68
1709.58
1709.49
1709.39
1709.29
1709.19
1709.09
1709
1708.9
1708.8
1708.7
1708.61
1708.51
1708.41
1708.31
1708.22
1708.12
1708.02
1707.92
1707.83
1707.73
1707.63
1707.53
1707.44
1707.34
1707.24
1707.15
1707.05
1706.95
1706.85
1706.76
1706.66
1706.56
1706.47
1706.37
1706.27
1706.17
1706.08
1705.98
1705.88
1705.78
1705.69
1705.59
1705.49
1705.4
1705.3
1705.2
1705.1
1705.01
1704.91
1704.81
1704.72
1704.62
1704.52
1704.43
1704.33
1704.23
1704.14
1704.04
1703.94
1703.85
1703.75
1703.65
1703.56
1703.46
1703.37
1703.27
1703.17
1703.07
1702.98
1702.88
1702.78
1702.69
1702.59
1702.49
1702.4
1702.3
1702.2
1702.11
1702.01
1701.91
1701.82
1701.72
1701.62
1701.53
1701.43
1701.34
1701.24
1701.14
1701.05
1700.95
1700.86
1700.76
1700.66
1700.57
1700.47
1700.38
1700.28
1700.18
1700.09
1699.99
1699.9
1699.8
1699.7
1699.61
1699.51
1699.41
1699.32
1699.22
1699.13
1699.03
1698.93
1698.84
1698.74
1698.65
1698.55
1698.45
1698.36
1698.26
1698.17
1698.07
1697.97
1697.88
1697.78
1697.69
1697.59
1697.5
1697.4
1697.31
1697.21
1697.12
1697.02
1696.93
1696.83
1696.74
1696.64
1696.54
1696.45
1696.35
1696.26
1696.16
1696.06
1695.97
1695.87
1695.78
1695.68
1695.59
1695.49
1695.4
1695.3
1695.21
1695.11
1695.02
1694.92
1694.82
1694.73
1694.63
1694.54
1694.44
1694.35
1694.25
1694.16
1694.07
1693.97
1693.88
1693.78
1693.69
1693.59
1693.5
1693.4
1693.31
1693.21
1693.12
1693.02
1692.93
1692.83
1692.73
1692.64
1692.55
1692.45
1692.36
1692.26
1692.17
1692.07
1691.98
1691.88
1691.79
1691.69
1691.6
1691.5
1691.41
1691.31
1691.22
1691.12
1691.03
1690.94
1690.84
1690.75
1690.65
1690.56
1690.46
1690.37
1690.28
1690.18
1690.09
1689.99
1689.9
1689.8
1689.71
1689.61
1689.52
1689.43
1689.33
1689.24
1689.14
1689.05
1688.95
1688.86
1688.76
1688.67
1688.58
1688.48
1688.39
1688.29
1688.2
1688.11
1688.01
1687.92
1687.82
1687.73
1687.64
1687.54
1687.45
1687.36
1687.26
1687.17
1687.07
1686.98
1686.89
1686.79
1686.7
1686.61
1686.51
1686.42
1686.32
1686.23
1686.14
1686.04
1685.95
1685.85
1685.76
1685.67
1685.57
1685.48
1685.38
1685.29
1685.2
1685.1
1685.01
1684.92
1684.82
1684.73
1684.64
1684.54
1684.45
1684.36
1684.26
1684.17
1684.08
1683.98
1683.89
1683.8
1683.71
1683.61
1683.52
1683.42
1683.33
1683.24
1683.14
1683.05
1682.96
1682.86
1682.77
1682.68
1682.58
1682.49
1682.4
1682.3
1682.21
1682.12
1682.03
1681.93
1681.84
1681.75
1681.65
1681.56
1681.47
1681.37
1681.28
1681.19
1681.1
1681
1680.91
1680.82
1680.73
1680.63
1680.54
1680.45
1680.36
1680.26
1680.17
1680.08
1679.98
1679.89
1679.8
1679.71
1679.61
1679.52
1679.43
1679.33
1679.24
1679.15
1679.06
1678.96
1678.87
1678.78
1678.69
1678.59
1678.5
1678.41
1678.32
1678.22
1678.13
1678.04
1677.95
1677.85
1677.76
1677.67
1677.58
1677.49
1677.39
1677.3
1677.21
1677.12
1677.03
1676.93
1676.84
1676.75
1676.66
1676.56
1676.47
1676.38
1676.29
1676.19
1676.1
1676.01
1675.92
1675.83
1675.73
1675.64
1675.55
1675.46
1675.37
1675.27
1675.18
1675.09
1675
1674.91
1674.82
1674.72
1674.63
1674.54
1674.45
1674.36
1674.27
1674.17
1674.08
1673.99
1673.9
1673.81
1673.72
1673.62
1673.53
1673.44
1673.35
1673.26
1673.17
1673.07
1672.98
1672.89
1672.8
1672.71
1672.62
1672.52
1672.43
1672.34
1672.25
1672.16
1672.07
1671.98
1671.88
1671.79
1671.7
1671.61
1671.52
1671.43
1671.34
1671.25
1671.16
1671.06
1670.97
1670.88
1670.79
1670.7
1670.61
1670.52
1670.43
1670.34
1670.24
1670.15
1670.06
1669.97
1669.88
1669.79
1669.7
1669.61
1669.52
1669.42
1669.33
1669.24
1669.15
1669.06
1668.97
1668.88
1668.79
1668.7
1668.61
1668.52
1668.42
1668.33
1668.24
1668.15
1668.06
1667.97
1667.88
1667.79
1667.7
1667.61
1667.52
1667.43
1667.34
1667.25
1667.16
1667.07
1666.98
1666.88
1666.79
1666.7
1666.61
1666.52
1666.43
1666.34
1666.25
1666.16
1666.07
1665.98
1665.89
1665.8
1665.71
1665.62
1665.53
1665.44
1665.35
1665.26
1665.17
1665.08
1664.99
1664.9
1664.81
1664.72
1664.63
1664.54
1664.45
1664.36
1664.27
1664.18
1664.09
1664
1663.91
1663.82
1663.73
1663.64
1663.55
1663.46
1663.37
1663.27
1663.18
1663.1
1663.01
1662.92
1662.83
1662.74
1662.65
1662.56
1662.47
1662.38
1662.29
1662.2
1662.11
1662.02
1661.93
1661.84
1661.75
1661.66
1661.57
1661.48
1661.39
1661.3
1661.21
1661.12
1661.03
1660.94
1660.85
1660.77
1660.67
1660.59
1660.5
1660.41
1660.32
1660.23
1660.14
1660.05
1659.96
1659.87
1659.78
1659.69
1659.6
1659.51
1659.42
1659.33
1659.24
1659.15
1659.06
1658.98
1658.89
1658.8
1658.71
1658.62
1658.53
1658.44
1658.35
1658.26
1658.17
1658.09
1658
1657.91
1657.82
1657.73
1657.64
1657.55
1657.46
1657.37
1657.28
1657.2
1657.11
1657.02
1656.93
1656.84
1656.75
1656.66
1656.57
1656.48
1656.39
1656.31
1656.22
1656.13
1656.04
1655.95
1655.86
1655.77
1655.68
1655.6
1655.51
1655.42
1655.33
1655.24
1655.15
1655.06
1654.98
1654.89
1654.8
1654.71
1654.62
1654.54
1654.45
1654.36
1654.27
1654.18
1654.09
1654
1653.92
1653.83
1653.74
1653.65
1653.56
1653.47
1653.38
1653.3
1653.21
1653.12
1653.03
1652.94
1652.85
1652.77
1652.68
1652.59
1652.5
1652.41
1652.32
1652.24
1652.15
1652.06
1651.97
1651.89
1651.8
1651.71
1651.62
1651.53
1651.45
1651.36
1651.27
1651.18
1651.09
1651.01
1650.92
1650.83
1650.74
1650.65
1650.57
1650.48
1650.39
1650.3
1650.21
1650.13
1650.04
1649.95
1649.86
1649.78
1649.69
1649.6
1649.51
1649.42
1649.34
1649.25
1649.16
1649.07
1648.99
1648.9
1648.81
1648.72
1648.64
1648.55
1648.46
1648.38
1648.29
1648.2
1648.11
1648.03
1647.94
1647.85
1647.76
1647.68
1647.59
1647.5
1647.41
1647.33
1647.24
1647.15
1647.06
1646.98
1646.89
1646.8
1646.71
1646.63
1646.54
1646.45
1646.37
1646.28
1646.19
1646.1
1646.02
1645.93
1645.84
1645.76
1645.67
1645.58
1645.5
1645.41
1645.32
1645.24
1645.15
1645.06
1644.98
1644.89
1644.8
1644.71
1644.63
1644.54
1644.45
1644.37
1644.28
1644.19
1644.1
1644.02
1643.93
1643.84
1643.76
1643.67
1643.58
1643.5
1643.41
1643.32
1643.24
1643.15
1643.06
1642.98
1642.89
1642.8
1642.72
1642.63
1642.54
1642.46
1642.37
1642.29
1642.2
1642.11
1642.03
1641.94
1641.85
1641.77
1641.68
1641.59
1641.51
1641.42
1641.34
1641.25
1641.16
1641.07
1640.99
1640.9
1640.82
1640.73
1640.64
1640.56
1640.47
1640.38
1640.3
1640.21
1640.13
1640.04
1639.95
1639.87
1639.78
1639.7
1639.61
1639.52
1639.44
1639.35
1639.27
1639.18
1639.09
1639.01
1638.92
1638.84
1638.75
1638.67
1638.58
1638.49
1638.41
1638.32
1638.24
1638.15
1638.06
1637.98
1637.89
1637.81
1637.72
1637.63
1637.55
1637.46
1637.38
1637.29
1637.2
1637.12
1637.03
1636.95
1636.86
1636.78
1636.69
1636.61
1636.52
1636.43
1636.35
1636.26
1636.18
1636.09
1636.01
1635.92
1635.84
1635.75
1635.67
1635.58
1635.5
1635.41
1635.32
1635.24
1635.15
1635.07
1634.98
1634.9
1634.81
1634.73
1634.64
1634.56
1634.47
1634.38
1634.3
1634.21
1634.13
1634.04
1633.96
1633.87
1633.79
1633.7
1633.62
1633.53
1633.45
1633.36
1633.28
1633.19
1633.11
1633.02
1632.94
1632.85
1632.77
1632.68
1632.6
1632.52
1632.43
1632.34
1632.26
1632.17
1632.09
1632
1631.92
1631.83
1631.75
1631.66
1631.58
1631.49
1631.41
1631.32
1631.24
1631.15
1631.07
1630.99
1630.9
1630.82
1630.73
1630.65
1630.56
1630.48
1630.39
1630.31
1630.22
1630.14
1630.06
1629.97
1629.89
1629.8
1629.72
1629.63
1629.55
1629.47
1629.38
1629.3
1629.21
1629.13
1629.04
1628.96
1628.87
1628.79
1628.7
1628.62
1628.54
1628.45
1628.37
1628.28
1628.2
1628.11
1628.03
1627.95
1627.86
1627.78
1627.69
1627.61
1627.52
1627.44
1627.36
1627.27
1627.19
1627.1
1627.02
1626.94
1626.85
1626.77
1626.68
1626.6
1626.52
1626.43
1626.35
1626.27
1626.18
1626.1
1626.01
1625.93
1625.85
1625.76
1625.68
1625.59
1625.51
1625.43
1625.34
1625.26
1625.17
1625.09
1625.01
1624.92
1624.84
1624.75
1624.67
1624.59
1624.5
1624.42
1624.34
1624.25
1624.17
1624.09
1624
1623.92
1623.84
1623.75
1623.67
1623.59
1623.5
1623.42
1623.34
1623.25
1623.17
1623.09
1623
1622.92
1622.83
1622.75
1622.67
1622.58
1622.5
1622.42
1622.33
1622.25
1622.17
1622.08
1622
1621.92
1621.83
1621.75
1621.67
1621.58
1621.5
1621.42
1621.33
1621.25
1621.17
1621.08
1621
1620.92
1620.84
1620.75
1620.67
1620.59
1620.5
1620.42
1620.34
1620.26
1620.17
1620.09
1620.01
1619.92
1619.84
1619.76
1619.67
1619.59
1619.51
1619.43
1619.34
1619.26
1619.18
1619.09
1619.01
1618.93
1618.84
1618.76
1618.68
1618.6
1618.51
1618.43
1618.35
1618.27
1618.18
1618.1
1618.02
1617.94
1617.85
1617.77
1617.69
1617.61
1617.52
1617.44
1617.36
1617.28
1617.19
1617.11
1617.03
1616.95
1616.86
1616.78
1616.7
1616.62
1616.53
1616.45
1616.37
1616.29
1616.2
1616.12
1616.04
1615.96
1615.87
1615.79
1615.71
1615.63
1615.54
1615.46
1615.38
1615.3
1615.21
1615.13
1615.05
1614.97
1614.89
1614.8
1614.72
1614.64
1614.56
1614.48
1614.39
1614.31
1614.23
1614.15
1614.07
1613.99
1613.9
1613.82
1613.74
1613.66
1613.58
1613.49
1613.41
1613.33
1613.25
1613.16
1613.08
1613
1612.92
1612.84
1612.75
1612.67
1612.59
1612.51
1612.43
1612.35
1612.26
1612.18
1612.1
1612.02
1611.94
1611.86
1611.77
1611.69
1611.61
1611.53
1611.45
1611.37
1611.29
1611.2
1611.12
1611.04
1610.96
1610.88
1610.8
1610.72
1610.63
1610.55
1610.47
1610.39
1610.31
1610.22
1610.14
1610.06
1609.98
1609.9
1609.82
1609.74
1609.65
1609.57
1609.49
1609.41
1609.33
1609.25
1609.17
1609.09
1609
1608.92
1608.84
1608.76
1608.68
1608.6
1608.52
1608.44
1608.36
1608.27
1608.19
1608.11
1608.03
1607.95
1607.87
1607.79
1607.71
1607.63
1607.55
1607.46
1607.38
1607.3
1607.22
1607.14
1607.06
1606.98
1606.9
1606.82
1606.73
1606.65
1606.57
1606.49
1606.41
1606.33
1606.25
1606.17
1606.09
1606.01
1605.93
1605.85
1605.76
1605.68
1605.6
1605.52
1605.44
1605.36
1605.28
1605.2
1605.12
1605.04
1604.96
1604.88
1604.8
1604.72
1604.64
1604.56
1604.48
1604.4
1604.31
1604.23
1604.15
1604.07
1603.99
1603.91
1603.83
1603.75
1603.67
1603.59
1603.51
1603.43
1603.35
1603.27
1603.19
1603.11
1603.03
1602.95
1602.87
1602.79
1602.71
1602.63
1602.55
1602.47
1602.39
1602.3
1602.23
1602.15
1602.07
1601.99
1601.91
1601.83
1601.75
1601.67
1601.58
1601.5
1601.42
1601.34
1601.26
1601.18
1601.1
1601.02
1600.94
1600.86
1600.78
1600.7
1600.62
1600.54
1600.46
1600.38
1600.3
1600.22
1600.14
1600.06
1599.98
1599.9
1599.82
1599.74
1599.66
1599.58
1599.5
1599.43
1599.35
1599.27
1599.19
1599.11
1599.03
1598.95
1598.87
1598.79
1598.71
1598.63
1598.55
1598.47
1598.39
1598.31
1598.23
1598.15
1598.07
1597.99
1597.91
1597.83
1597.75
1597.67
1597.59
1597.51
1597.43
1597.35
1597.28
1597.2
1597.12
1597.04
1596.96
1596.88
1596.8
1596.72
1596.64
1596.56
1596.48
1596.4
1596.32
1596.25
1596.17
1596.09
1596.01
1595.93
1595.85
1595.77
1595.69
1595.61
1595.53
1595.45
1595.37
1595.29
1595.22
1595.14
1595.06
1594.98
1594.9
1594.82
1594.74
1594.66
1594.58
1594.5
1594.42
1594.34
1594.27
1594.19
1594.11
1594.03
1593.95
1593.87
1593.79
1593.71
1593.63
1593.56
1593.48
1593.4
1593.32
1593.24
1593.16
1593.08
1593.01
1592.93
1592.85
1592.77
1592.69
1592.61
1592.53
1592.45
1592.38
1592.3
1592.22
1592.14
1592.06
1591.98
1591.9
1591.82
1591.74
1591.67
1591.59
1591.51
1591.43
1591.35
1591.27
1591.19
1591.12
1591.04
1590.96
1590.88
1590.8
1590.72
1590.65
1590.57
1590.49
1590.41
1590.33
1590.25
1590.18
1590.1
1590.02
1589.94
1589.86
1589.79
1589.71
1589.63
1589.55
1589.47
1589.39
1589.32
1589.24
1589.16
1589.08
1589
1588.92
1588.85
1588.77
1588.69
1588.61
1588.53
1588.45
1588.38
1588.3
1588.22
1588.14
1588.06
1587.99
1587.91
1587.83
1587.75
1587.67
1587.6
1587.52
1587.44
1587.36
1587.29
1587.21
1587.13
1587.05
1586.97
1586.9
1586.82
1586.74
1586.66
1586.59
1586.51
1586.43
1586.35
1586.27
1586.2
1586.12
1586.04
1585.96
1585.88
1585.81
1585.73
1585.65
1585.57
1585.5
1585.42
1585.34
1585.26
1585.19
1585.11
1585.03
1584.95
1584.88
1584.8
1584.72
1584.64
1584.57
1584.49
1584.41
1584.33
1584.26
1584.18
1584.1
1584.02
1583.95
1583.87
1583.79
1583.71
1583.64
1583.56
1583.48
1583.4
1583.33
1583.25
1583.17
1583.09
1583.02
1582.94
1582.86
1582.79
1582.71
1582.63
1582.55
1582.48
1582.4
1582.32
1582.24
1582.17
1582.09
1582.01
1581.94
1581.86
1581.78
1581.71
1581.63
1581.55
1581.47
1581.4
1581.32
1581.24
1581.17
1581.09
1581.01
1580.94
1580.86
1580.78
1580.71
1580.63
1580.55
1580.47
1580.4
1580.32
1580.24
1580.17
1580.09
1580.01
1579.94
1579.86
1579.78
1579.7
1579.63
1579.55
1579.47
1579.4
1579.32
1579.24
1579.17
1579.09
1579.01
1578.94
1578.86
1578.78
1578.71
1578.63
1578.56
1578.48
1578.4
1578.33
1578.25
1578.17
1578.1
1578.02
1577.94
1577.87
1577.79
1577.71
1577.64
1577.56
1577.48
1577.41
1577.33
1577.26
1577.18
1577.1
1577.03
1576.95
1576.87
1576.8
1576.72
1576.64
1576.57
1576.49
1576.41
1576.34
1576.26
1576.19
1576.11
1576.03
1575.96
1575.88
1575.81
1575.73
1575.65
1575.58
1575.5
1575.42
1575.35
1575.27
1575.2
1575.12
1575.05
1574.97
1574.89
1574.82
1574.74
1574.66
1574.59
1574.51
1574.44
1574.36
1574.28
1574.21
1574.13
1574.06
1573.98
1573.9
1573.83
1573.75
1573.68
1573.6
1573.52
1573.45
1573.37
1573.3
1573.22
1573.15
1573.07
1572.99
1572.92
1572.84
1572.77
1572.69
1572.62
1572.54
1572.46
1572.39
1572.31
1572.24
1572.16
1572.09
1572.01
1571.94
1571.86
1571.78
1571.71
1571.63
1571.56
1571.48
1571.41
1571.33
1571.25
1571.18
1571.1
1571.03
1570.95
1570.88
1570.8
1570.72
1570.65
1570.57
1570.5
1570.42
1570.35
1570.27
1570.2
1570.12
1570.05
1569.97
1569.9
1569.82
1569.75
1569.67
1569.6
1569.52
1569.45
1569.37
1569.3
1569.22
1569.15
1569.07
1568.99
1568.92
1568.84
1568.77
1568.69
1568.62
1568.54
1568.47
1568.39
1568.32
1568.24
1568.17
1568.09
1568.02
1567.94
1567.87
1567.79
1567.72
1567.64
1567.57
1567.49
1567.42
1567.34
1567.27
1567.19
1567.12
1567.04
1566.97
1566.89
1566.82
1566.74
1566.67
1566.59
1566.52
1566.45
1566.37
1566.3
1566.22
1566.15
1566.07
1566
1565.92
1565.85
1565.77
1565.7
1565.62
1565.55
1565.47
1565.4
1565.32
1565.25
1565.17
1565.1
1565.02
1564.95
1564.88
1564.8
1564.73
1564.65
1564.58
1564.5
1564.43
1564.35
1564.28
1564.2
1564.13
1564.06
1563.98
1563.91
1563.83
1563.76
1563.68
1563.61
1563.54
1563.46
1563.39
1563.31
1563.24
1563.17
1563.09
1563.02
1562.94
1562.87
1562.79
1562.72
1562.64
1562.57
1562.49
1562.42
1562.35
1562.27
1562.2
1562.12
1562.05
1561.97
1561.9
1561.83
1561.75
1561.68
1561.6
1561.53
1561.46
1561.38
1561.31
1561.24
1561.16
1561.09
1561.01
1560.94
1560.87
1560.79
1560.72
1560.64
1560.57
1560.5
1560.42
1560.35
1560.28
1560.2
1560.13
1560.05
1559.98
1559.9
1559.83
1559.76
1559.68
1559.61
1559.53
1559.46
1559.39
1559.31
1559.24
1559.17
1559.09
1559.02
1558.94
1558.87
1558.8
1558.72
1558.65
1558.58
1558.5
1558.43
1558.36
1558.28
1558.21
1558.14
1558.06
1557.99
1557.92
1557.84
1557.77
1557.7
1557.62
1557.55
1557.48
1557.4
1557.33
1557.25
1557.18
1557.11
1557.03
1556.96
1556.89
1556.81
1556.74
1556.67
1556.59
1556.52
1556.45
1556.37
1556.3
1556.23
1556.15
1556.08
1556.01
1555.93
1555.86
1555.79
1555.71
1555.64
1555.57
1555.49
1555.42
1555.35
1555.27
1555.2
1555.13
1555.05
1554.98
1554.91
1554.84
1554.76
1554.69
1554.62
1554.54
1554.47
1554.4
1554.32
1554.25
1554.18
1554.1
1554.03
1553.96
1553.89
1553.81
1553.74
1553.67
1553.59
1553.52
1553.45
1553.37
1553.3
1553.23
1553.16
1553.08
1553.01
1552.94
1552.86
1552.79
1552.72
1552.65
1552.57
1552.5
1552.43
1552.36
1552.28
1552.21
1552.14
1552.07
1551.99
1551.92
1551.85
1551.78
1551.7
1551.63
1551.56
1551.48
1551.41
1551.34
1551.27
1551.19
1551.12
1551.05
1550.98
1550.9
1550.83
1550.76
1550.68
1550.61
1550.54
1550.47
1550.39
1550.32
1550.25
1550.18
1550.11
1550.03
1549.96
1549.89
1549.82
1549.74
1549.67
1549.6
1549.53
1549.45
1549.38
1549.31
1549.24
1549.17
1549.09
1549.02
1548.95
1548.88
1548.81
1548.73
1548.66
1548.59
1548.52
1548.44
1548.37
1548.3
1548.23
1548.15
1548.08
1548.01
1547.94
1547.86
1547.79
1547.72
1547.65
1547.58
1547.5
1547.43
1547.36
1547.29
1547.22
1547.14
1547.07
1547
1546.93
1546.86
1546.79
1546.71
1546.64
1546.57
1546.5
1546.43
1546.35
1546.28
1546.21
1546.14
1546.07
1546
1545.92
1545.85
1545.78
1545.71
1545.64
1545.56
1545.49
1545.42
1545.35
1545.28
1545.21
1545.13
1545.06
1544.99
1544.92
1544.85
1544.77
1544.7
1544.63
1544.56
1544.49
1544.42
1544.35
1544.27
1544.2
1544.13
1544.06
1543.99
1543.92
1543.85
1543.77
1543.7
1543.63
1543.56
1543.49
1543.42
1543.35
1543.27
1543.2
1543.13
1543.06
1542.99
1542.92
1542.85
1542.77
1542.7
1542.63
1542.56
1542.49
1542.42
1542.34
1542.27
1542.2
1542.13
1542.06
1541.99
1541.92
1541.85
1541.78
1541.7
1541.63
1541.56
1541.49
1541.42
1541.35
1541.28
1541.21
1541.13
1541.06
1540.99
1540.92
1540.85
1540.78
1540.71
1540.64
1540.57
1540.5
1540.43
1540.35
1540.28
1540.21
1540.14
1540.07
1540
1539.93
1539.86
1539.79
1539.71
1539.64
1539.57
1539.5
1539.43
1539.36
1539.29
1539.22
1539.15
1539.08
1539
1538.93
1538.86
1538.79
1538.72
1538.65
1538.58
1538.51
1538.44
1538.37
1538.3
1538.23
1538.16
1538.09
1538.02
1537.95
1537.87
1537.8
1537.73
1537.66
1537.59
1537.52
1537.45
1537.38
1537.31
1537.24
1537.17
1537.1
1537.03
1536.96
1536.89
1536.81
1536.74
1536.67
1536.6
1536.53
1536.46
1536.39
1536.32
1536.25
1536.18
1536.11
1536.04
1535.97
1535.9
1535.83
1535.76
1535.69
1535.62
1535.55
1535.48
1535.41
1535.34
1535.27
1535.2
1535.13
1535.06
1534.99
1534.92
1534.85
1534.78
1534.71
1534.64
1534.56
1534.49
1534.42
1534.35
1534.28
1534.21
1534.14
1534.07
1534
1533.93
1533.86
1533.79
1533.72
1533.65
1533.58
1533.51
1533.44
1533.37
1533.3
1533.23
1533.16
1533.09
1533.02
1532.95
1532.88
1532.81
1532.74
1532.67
1532.6
1532.53
1532.46
1532.39
1532.32
1532.25
1532.18
1532.11
1532.04
1531.98
1531.91
1531.84
1531.77
1531.7
1531.63
1531.56
1531.49
1531.42
1531.35
1531.28
1531.21
1531.14
1531.07
1531
1530.93
1530.86
1530.79
1530.72
1530.65
1530.58
1530.51
1530.44
1530.37
1530.3
1530.23
1530.16
1530.09
1530.02
1529.95
1529.88
1529.81
1529.74
1529.67
1529.61
1529.54
1529.47
1529.4
1529.33
1529.26
1529.19
1529.12
1529.05
1528.98
1528.91
1528.84
1528.77
1528.7
1528.63
1528.56
1528.49
1528.43
1528.36
1528.29
1528.22
1528.15
1528.08
1528.01
1527.94
1527.87
1527.8
1527.73
1527.66
1527.59
1527.52
1527.46
1527.39
1527.32
1527.25
1527.18
1527.11
1527.04
1526.97
1526.9
1526.83
1526.77
1526.7
1526.63
1526.56
1526.49
1526.42
1526.35
1526.28
1526.21
1526.14
1526.07
1526.01
1525.94
1525.87
1525.8
1525.73
1525.66
1525.59
1525.52
1525.45
1525.38
1525.31
1525.25
1525.18
1525.11
1525.04
1524.97
1524.9
1524.83
1524.76
1524.7
1524.63
1524.56
1524.49
1524.42
1524.35
1524.28
1524.21
1524.15
1524.08
1524.01
1523.94
1523.87
1523.8
1523.74
1523.67
1523.6
1523.53
1523.46
1523.39
1523.32
1523.25
1523.19
1523.12
1523.05
1522.98
1522.91
1522.84
1522.77
1522.7
1522.64
1522.57
1522.5
1522.43
1522.36
1522.29
1522.22
1522.16
1522.09
1522.02
1521.95
1521.88
1521.81
1521.75
1521.68
1521.61
1521.54
1521.47
1521.4
1521.34
1521.27
1521.2
1521.13
1521.06
1521
1520.93
1520.86
1520.79
1520.72
1520.65
1520.59
1520.52
1520.45
1520.38
1520.31
1520.24
1520.18
1520.11
1520.04
1519.97
1519.9
1519.83
1519.77
1519.7
1519.63
1519.56
1519.49
1519.43
1519.36
1519.29
1519.22
1519.15
1519.09
1519.02
1518.95
1518.88
1518.81
1518.75
1518.68
1518.61
1518.54
1518.47
1518.41
1518.34
1518.27
1518.2
1518.14
1518.07
1518
1517.93
1517.86
1517.8
1517.73
1517.66
1517.59
1517.52
1517.46
1517.39
1517.32
1517.25
1517.19
1517.12
1517.05
1516.98
1516.91
1516.85
1516.78
1516.71
1516.64
1516.58
1516.51
1516.44
1516.37
1516.3
1516.24
1516.17
1516.1
1516.03
1515.97
1515.9
1515.83
1515.77
1515.7
1515.63
1515.56
1515.5
1515.43
1515.36
1515.29
1515.23
1515.16
1515.09
1515.02
1514.96
1514.89
1514.82
1514.75
1514.69
1514.62
1514.55
1514.48
1514.41
1514.35
1514.28
1514.21
1514.15
1514.08
1514.01
1513.94
1513.88
1513.81
1513.74
1513.67
1513.61
1513.54
1513.47
1513.41
1513.34
1513.27
1513.2
1513.14
1513.07
1513
1512.94
1512.87
1512.8
1512.74
1512.67
1512.6
1512.53
1512.47
1512.4
1512.33
1512.27
1512.2
1512.13
1512.06
1512
1511.93
1511.86
1511.79
1511.73
1511.66
1511.59
1511.53
1511.46
1511.39
1511.33
1511.26
1511.19
1511.12
1511.06
1510.99
1510.92
1510.86
1510.79
1510.72
1510.66
1510.59
1510.52
1510.46
1510.39
1510.32
1510.26
1510.19
1510.12
1510.06
1509.99
1509.92
1509.86
1509.79
1509.72
1509.66
1509.59
1509.52
1509.46
1509.39
1509.32
1509.26
1509.19
1509.12
1509.05
1508.99
1508.92
1508.85
1508.79
1508.72
1508.65
1508.59
1508.52
1508.46
1508.39
1508.32
1508.26
1508.19
1508.12
1508.06
1507.99
1507.92
1507.86
1507.79
1507.72
1507.66
1507.59
1507.53
1507.46
1507.39
1507.33
1507.26
1507.19
1507.13
1507.06
1506.99
1506.93
1506.86
1506.8
1506.73
1506.66
1506.6
1506.53
1506.46
1506.4
1506.33
1506.26
1506.2
1506.13
1506.07
1506
1505.93
1505.87
1505.8
1505.73
1505.67
1505.6
1505.54
1505.47
1505.4
1505.34
1505.27
1505.2
1505.14
1505.07
1505.01
1504.94
1504.88
1504.81
1504.74
1504.68
1504.61
1504.55
1504.48
1504.41
1504.35
1504.28
1504.22
1504.15
1504.08
1504.02
1503.95
1503.89
1503.82
1503.75
1503.69
1503.62
1503.56
1503.49
1503.42
1503.36
1503.29
1503.23
1503.16
1503.09
1503.03
1502.96
1502.9
1502.83
1502.77
1502.7
1502.63
1502.57
1502.5
1502.44
1502.37
1502.31
1502.24
1502.17
1502.11
1502.04
1501.98
1501.91
1501.85
1501.78
1501.72
1501.65
1501.58
1501.52
1501.45
1501.39
1501.32
1501.26
1501.19
1501.12
1501.06
1500.99
1500.93
1500.86
1500.8
1500.73
1500.67
1500.6
1500.53
1500.47
1500.4
1500.34
1500.27
1500.21
1500.14
1500.08
1500.01
1499.95
1499.88
1499.81
1499.75
1499.68
1499.62
1499.55
1499.49
1499.42
1499.36
1499.29
1499.23
1499.16
1499.1
1499.03
1498.97
1498.9
1498.84
1498.77
1498.71
1498.64
1498.57
1498.51
1498.44
1498.38
1498.31
1498.25
1498.18
1498.12
1498.05
1497.99
1497.92
1497.86
1497.79
1497.73
1497.66
1497.6
1497.53
1497.47
1497.4
1497.34
1497.27
1497.21
1497.14
1497.08
1497.01
1496.95
1496.88
1496.82
1496.75
1496.69
1496.62
1496.56
1496.49
1496.43
1496.36
1496.3
1496.23
1496.17
1496.1
1496.04
1495.97
1495.91
1495.84
1495.78
1495.71
1495.65
1495.58
1495.52
1495.45
1495.39
1495.32
1495.26
1495.19
1495.13
1495.07
1495
1494.94
1494.87
1494.81
1494.74
1494.68
1494.61
1494.55
1494.48
1494.42
1494.35
1494.29
1494.23
1494.16
1494.1
1494.03
1493.97
1493.9
1493.84
1493.77
1493.71
1493.65
1493.58
1493.52
1493.45
1493.39
1493.32
1493.26
1493.19
1493.13
1493.06
1493
1492.93
1492.87
1492.81
1492.74
1492.68
1492.61
1492.55
1492.48
1492.42
1492.35
1492.29
1492.23
1492.16
1492.1
1492.03
1491.97
1491.9
1491.84
1491.78
1491.71
1491.65
1491.58
1491.52
1491.45
1491.39
1491.33
1491.26
1491.2
1491.13
1491.07
1491.01
1490.94
1490.88
1490.81
1490.75
1490.68
1490.62
1490.56
1490.49
1490.43
1490.36
1490.3
1490.24
1490.17
1490.11
1490.04
1489.98
1489.91
1489.85
1489.79
1489.72
1489.66
1489.59
1489.53
1489.47
1489.4
1489.34
1489.27
1489.21
1489.15
1489.08
1489.02
1488.95
1488.89
1488.83
1488.76
1488.7
1488.64
1488.57
1488.51
1488.44
1488.38
1488.32
1488.25
1488.19
1488.13
1488.06
1488
1487.93
1487.87
1487.81
1487.74
1487.68
1487.61
1487.55
1487.49
1487.42
1487.36
1487.3
1487.23
1487.17
1487.1
1487.04
1486.98
1486.91
1486.85
1486.79
1486.72
1486.66
1486.6
1486.53
1486.47
1486.4
1486.34
1486.28
1486.21
1486.15
1486.09
1486.02
1485.96
1485.9
1485.83
1485.77
1485.71
1485.64
1485.58
1485.52
1485.45
1485.39
1485.33
1485.26
1485.2
1485.14
1485.07
1485.01
1484.94
1484.88
1484.82
1484.75
1484.69
1484.63
1484.56
1484.5
1484.44
1484.37
1484.31
1484.25
1484.18
1484.12
1484.06
1483.99
1483.93
1483.87
1483.81
1483.74
1483.68
1483.62
1483.55
1483.49
1483.43
1483.36
1483.3
1483.24
1483.17
1483.11
1483.05
1482.99
1482.92
1482.86
1482.8
1482.73
1482.67
1482.61
1482.54
1482.48
1482.42
1482.35
1482.29
1482.23
1482.16
1482.1
1482.04
1481.97
1481.91
1481.85
1481.79
1481.72
1481.66
1481.6
1481.53
1481.47
1481.41
1481.35
1481.28
1481.22
1481.16
1481.09
1481.03
1480.97
1480.91
1480.84
1480.78
1480.72
1480.65
1480.59
1480.53
1480.47
1480.4
1480.34
1480.28
1480.22
1480.15
1480.09
1480.03
1479.96
1479.9
1479.84
1479.78
1479.71
1479.65
1479.59
1479.52
1479.46
1479.4
1479.34
1479.27
1479.21
1479.15
1479.09
1479.02
1478.96
1478.9
1478.84
1478.77
1478.71
1478.65
1478.59
1478.52
1478.46
1478.4
1478.34
1478.27
1478.21
1478.15
1478.09
1478.02
1477.96
1477.9
1477.84
1477.77
1477.71
1477.65
1477.59
1477.53
1477.46
1477.4
1477.34
1477.27
1477.21
1477.15
1477.09
1477.03
1476.96
1476.9
1476.84
1476.78
1476.71
1476.65
1476.59
1476.53
1476.46
1476.4
1476.34
1476.28
1476.21
1476.15
1476.09
1476.03
1475.97
1475.9
1475.84
1475.78
1475.72
1475.66
1475.59
1475.53
1475.47
1475.41
1475.35
1475.28
1475.22
1475.16
1475.1
1475.04
1474.97
1474.91
1474.85
1474.79
1474.72
1474.66
1474.6
1474.54
1474.48
1474.41
1474.35
1474.29
1474.23
1474.17
1474.1
1474.04
1473.98
1473.92
1473.86
1473.79
1473.73
1473.67
1473.61
1473.55
1473.48
1473.42
1473.36
1473.3
1473.24
1473.18
1473.11
1473.05
1472.99
1472.93
1472.87
1472.81
1472.74
1472.68
1472.62
1472.56
1472.5
1472.44
1472.37
1472.31
1472.25
1472.19
1472.13
1472.06
1472
1471.94
1471.88
1471.82
1471.76
1471.69
1471.63
1471.57
1471.51
1471.45
1471.39
1471.32
1471.26
1471.2
1471.14
1471.08
1471.02
1470.95
1470.89
1470.83
1470.77
1470.71
1470.65
1470.59
1470.52
1470.46
1470.4
1470.34
1470.28
1470.22
1470.16
1470.1
1470.03
1469.97
1469.91
1469.85
1469.79
1469.73
1469.67
1469.6
1469.54
1469.48
1469.42
1469.36
1469.3
1469.23
1469.17
1469.11
1469.05
1468.99
1468.93
1468.87
1468.81
1468.74
1468.68
1468.62
1468.56
1468.5
1468.44
1468.38
1468.32
1468.25
1468.19
1468.13
1468.07
1468.01
1467.95
1467.89
1467.83
1467.77
1467.7
1467.64
1467.58
1467.52
1467.46
1467.4
1467.34
1467.28
1467.22
1467.16
1467.09
1467.03
1466.97
1466.91
1466.85
1466.79
1466.73
1466.67
1466.61
1466.54
1466.48
1466.42
1466.36
1466.3
1466.24
1466.18
1466.12
1466.06
1466
1465.93
1465.87
1465.81
1465.75
1465.69
1465.63
1465.57
1465.51
1465.45
1465.39
1465.33
1465.27
1465.2
1465.14
1465.08
1465.02
1464.96
1464.9
1464.84
1464.78
1464.72
1464.66
1464.6
1464.54
1464.48
1464.42
1464.36
1464.29
1464.23
1464.17
1464.11
1464.05
1463.99
1463.93
1463.87
1463.81
1463.75
1463.69
1463.63
1463.57
1463.51
1463.44
1463.38
1463.32
1463.26
1463.2
1463.14
1463.08
1463.02
1462.96
1462.9
1462.84
1462.78
1462.72
1462.66
1462.6
1462.54
1462.48
1462.42
1462.36
1462.3
1462.24
1462.18
1462.12
1462.06
1462
1461.93
1461.87
1461.81
1461.75
1461.69
1461.63
1461.57
1461.51
1461.45
1461.39
1461.33
1461.27
1461.21
1461.15
1461.09
1461.03
1460.97
1460.91
1460.85
1460.79
1460.73
1460.67
1460.61
1460.55
1460.49
1460.43
1460.37
1460.31
1460.25
1460.19
1460.13
1460.07
1460.01
1459.95
1459.89
1459.83
1459.77
1459.71
1459.65
1459.59
1459.53
1459.47
1459.41
1459.35
1459.29
1459.22
1459.16
1459.1
1459.04
1458.98
1458.92
1458.86
1458.8
1458.74
1458.68
1458.62
1458.56
1458.5
1458.44
1458.38
1458.32
1458.26
1458.2
1458.14
1458.08
1458.02
1457.96
1457.91
1457.85
1457.79
1457.73
1457.67
1457.61
1457.55
1457.49
1457.43
1457.37
1457.31
1457.25
1457.19
1457.13
1457.07
1457.01
1456.95
1456.89
1456.83
1456.77
1456.71
1456.65
1456.59
1456.53
1456.47
1456.41
1456.35
1456.29
1456.23
1456.17
1456.11
1456.05
1455.99
1455.93
1455.87
1455.81
1455.76
1455.7
1455.64
1455.58
1455.52
1455.46
1455.4
1455.34
1455.28
1455.22
1455.16
1455.1
1455.04
1454.98
1454.92
1454.86
1454.8
1454.74
1454.68
1454.63
1454.57
1454.51
1454.45
1454.39
1454.33
1454.27
1454.21
1454.15
1454.09
1454.03
1453.97
1453.91
1453.85
1453.79
1453.73
1453.67
1453.61
1453.56
1453.5
1453.44
1453.38
1453.32
1453.26
1453.2
1453.14
1453.08
1453.02
1452.96
1452.9
1452.84
1452.78
1452.73
1452.67
1452.61
1452.55
1452.49
1452.43
1452.37
1452.31
1452.25
1452.19
1452.14
1452.08
1452.02
1451.96
1451.9
1451.84
1451.78
1451.72
1451.66
1451.6
1451.54
1451.49
1451.43
1451.37
1451.31
1451.25
1451.19
1451.13
1451.07
1451.01
1450.95
1450.89
1450.84
1450.78
1450.72
1450.66
1450.6
1450.54
1450.48
1450.42
1450.36
1450.31
1450.25
1450.19
1450.13
1450.07
1450.01
1449.95
1449.89
1449.83
1449.78
1449.72
1449.66
1449.6
1449.54
1449.48
1449.42
1449.37
1449.31
1449.25
1449.19
1449.13
1449.07
1449.01
1448.95
1448.89
1448.84
1448.78
1448.72
1448.66
1448.6
1448.54
1448.48
1448.42
1448.37
1448.31
1448.25
1448.19
1448.13
1448.07
1448.01
1447.95
1447.9
1447.84
1447.78
1447.72
1447.66
1447.6
1447.55
1447.49
1447.43
1447.37
1447.31
1447.25
1447.19
1447.14
1447.08
1447.02
1446.96
1446.9
1446.85
1446.79
1446.73
1446.67
1446.61
1446.55
1446.49
1446.44
1446.38
1446.32
1446.26
1446.2
1446.14
1446.08
1446.03
1445.97
1445.91
1445.85
1445.79
1445.73
1445.68
1445.62
1445.56
1445.5
1445.44
1445.38
1445.33
1445.27
1445.21
1445.15
1445.09
1445.03
1444.98
1444.92
1444.86
1444.8
1444.74
1444.69
1444.63
1444.57
1444.51
1444.45
1444.4
1444.34
1444.28
1444.22
1444.16
1444.11
1444.05
1443.99
1443.93
1443.87
1443.81
1443.76
1443.7
1443.64
1443.58
1443.52
1443.47
1443.41
1443.35
1443.29
1443.23
1443.18
1443.12
1443.06
1443
1442.94
1442.89
1442.83
1442.77
1442.71
1442.65
1442.6
1442.54
1442.48
1442.42
1442.36
1442.31
1442.25
1442.19
1442.13
1442.08
1442.02
1441.96
1441.9
1441.84
1441.79
1441.73
1441.67
1441.61
1441.56
1441.5
1441.44
1441.38
1441.32
1441.27
1441.21
1441.15
1441.09
1441.03
1440.98
1440.92
1440.86
1440.8
1440.75
1440.69
1440.63
1440.57
1440.51
1440.46
1440.4
1440.34
1440.28
1440.23
1440.17
1440.11
1440.05
1440
1439.94
1439.88
1439.82
1439.77
1439.71
1439.65
1439.59
1439.54
1439.48
1439.42
1439.36
1439.31
1439.25
1439.19
1439.13
1439.08
1439.02
1438.96
1438.9
1438.85
1438.79
1438.73
1438.67
1438.62
1438.56
1438.5
1438.44
1438.39
1438.33
1438.27
1438.21
1438.16
1438.1
1438.04
1437.98
1437.93
1437.87
1437.81
1437.75
1437.7
1437.64
1437.58
1437.53
1437.47
1437.41
1437.35
1437.3
1437.24
1437.18
1437.13
1437.07
1437.01
1436.95
1436.9
1436.84
1436.78
1436.73
1436.67
1436.61
1436.55
1436.5
1436.44
1436.38
1436.32
1436.27
1436.21
1436.15
1436.1
1436.04
1435.98
1435.92
1435.87
1435.81
1435.75
1435.7
1435.64
1435.58
1435.53
1435.47
1435.41
1435.35
1435.3
1435.24
1435.18
1435.13
1435.07
1435.01
1434.96
1434.9
1434.84
1434.78
1434.73
1434.67
1434.61
1434.56
1434.5
1434.44
1434.39
1434.33
1434.27
1434.22
1434.16
1434.1
1434.05
1433.99
1433.93
1433.88
1433.82
1433.76
1433.7
1433.65
1433.59
1433.53
1433.48
1433.42
1433.36
1433.31
1433.25
1433.19
1433.14
1433.08
1433.02
1432.96
1432.91
1432.85
1432.8
1432.74
1432.68
1432.63
1432.57
1432.51
1432.46
1432.4
1432.34
1432.29
1432.23
1432.17
1432.12
1432.06
1432
1431.95
1431.89
1431.83
1431.78
1431.72
1431.66
1431.61
1431.55
1431.49
1431.44
1431.38
1431.32
1431.27
1431.21
1431.15
1431.1
1431.04
1430.98
1430.93
1430.87
1430.82
1430.76
1430.7
1430.65
1430.59
1430.53
1430.48
1430.42
1430.36
1430.31
1430.25
1430.19
1430.14
1430.08
1430.03
1429.97
1429.91
1429.86
1429.8
1429.74
1429.69
1429.63
1429.58
1429.52
1429.46
1429.41
1429.35
1429.29
1429.24
1429.18
1429.13
1429.07
1429.01
1428.96
1428.9
1428.84
1428.79
1428.73
1428.67
1428.62
1428.56
1428.51
1428.45
1428.39
1428.34
1428.28
1428.22
1428.17
1428.11
1428.06
1428
1427.94
1427.89
1427.83
1427.78
1427.72
1427.66
1427.61
1427.55
1427.5
1427.44
1427.38
1427.33
1427.27
1427.22
1427.16
1427.1
1427.05
1426.99
1426.94
1426.88
1426.82
1426.77
1426.71
1426.66
1426.6
1426.54
1426.49
1426.43
1426.38
1426.32
1426.26
1426.21
1426.15
1426.1
1426.04
1425.98
1425.93
1425.87
1425.82
1425.76
1425.71
1425.65
1425.59
1425.54
1425.48
1425.43
1425.37
1425.31
1425.26
1425.2
1425.15
1425.09
1425.04
1424.98
1424.92
1424.87
1424.81
1424.76
1424.7
1424.65
1424.59
1424.54
1424.48
1424.42
1424.37
1424.31
1424.26
1424.2
1424.15
1424.09
1424.03
1423.98
1423.92
1423.87
1423.81
1423.76
1423.7
1423.64
1423.59
1423.53
1423.48
1423.42
1423.37
1423.31
1423.26
1423.2
1423.14
1423.09
1423.03
1422.98
1422.92
1422.87
1422.81
1422.76
1422.7
1422.64
1422.59
1422.53
1422.48
1422.42
1422.37
1422.31
1422.26
1422.2
1422.15
1422.09
1422.04
1421.98
1421.93
1421.87
1421.81
1421.76
1421.7
1421.65
1421.59
1421.54
1421.48
1421.43
1421.37
1421.32
1421.26
1421.21
1421.15
1421.09
1421.04
1420.98
1420.93
1420.87
1420.82
1420.76
1420.71
1420.65
1420.6
1420.54
1420.49
1420.43
1420.38
1420.32
1420.27
1420.21
1420.16
1420.1
1420.04
1419.99
1419.94
1419.88
1419.83
1419.77
1419.71
1419.66
1419.61
1419.55
1419.5
1419.44
1419.39
1419.33
1419.28
1419.22
1419.16
1419.11
1419.05
1419
1418.94
1418.89
1418.83
1418.78
1418.72
1418.67
1418.61
1418.56
1418.5
1418.45
1418.39
1418.34
1418.28
1418.23
1418.17
1418.12
1418.06
1418.01
1417.95
1417.9
1417.84
1417.79
1417.73
1417.68
1417.63
1417.57
1417.52
1417.46
1417.41
1417.35
1417.3
1417.24
1417.19
1417.13
1417.08
1417.02
1416.97
1416.91
1416.86
1416.8
1416.75
1416.69
1416.64
1416.58
1416.53
1416.48
1416.42
1416.37
1416.31
1416.26
1416.2
1416.15
1416.09
1416.04
1415.98
1415.93
1415.87
1415.82
1415.76
1415.71
1415.65
1415.6
1415.55
1415.49
1415.44
1415.38
1415.33
1415.27
1415.22
1415.16
1415.11
1415.05
1415
1414.95
1414.89
1414.84
1414.78
1414.73
1414.67
1414.62
1414.57
1414.51
1414.46
1414.4
1414.35
1414.29
1414.24
1414.18
1414.13
1414.07
1414.02
1413.97
1413.91
1413.86
1413.8
1413.75
1413.69
1413.64
1413.58
1413.53
1413.47
1413.42
1413.37
1413.31
1413.26
1413.2
1413.15
1413.09
1413.04
1412.99
1412.93
1412.88
1412.82
1412.77
1412.72
1412.66
1412.61
1412.55
1412.5
1412.44
1412.39
1412.34
1412.28
1412.23
1412.17
1412.12
1412.07
1412.01
1411.96
1411.9
1411.85
1411.79
1411.74
1411.69
1411.63
1411.58
1411.52
1411.47
1411.41
1411.36
1411.31
1411.25
