-6579.06
-6739.92
-6889.52
-7028.41
-7158.16
-7280
-7395
-7503.63
-7606.73
-7704.86
-7798.26
-7887.8
-7973.44
-8055.67
-8134.59
-8210.55
-8283.8
-8354.51
-8422.79
-8488.87
-8552.91
-8614.86
-8675.17
-8733.58
-8790.44
-8845.66
-8899.45
-8951.95
-9003.11
-9053
-9101.63
-9149.23
-9195.66
-9240.95
-9285.29
-9328.83
-9371.4
-9413.07
-9454
-9493.96
-9533.3
-9571.82
-9609.62
-9646.74
-9683.2
-9719.03
-9754.25
-9788.79
-9822.88
-9856.34
-9889.28
-9921.65
-9953.57
-9984.97
-10015.9
-10046.3
-10076.3
-10105.9
-10135
-10163.8
-10192.1
-10220.1
-10247.6
-10274.8
-10301.7
-10328.2
-10354.3
-10380.1
-10405.6
-10430.8
-10455.7
-10480.2
-10504.5
-10528.5
-10552.2
-10575.7
-10598.9
-10621.8
-10644.4
-10666.8
-10689
-10710.9
-10732.6
-10754.1
-10775.3
-10796.3
-10817.1
-10837.7
-10858.1
-10878.3
-10898.3
-10918
-10937.6
-10957.1
-10976.3
-10995.3
-11014.2
-11032.9
-11051.4
-11069.8
-11088
-11106
-11123.9
-11141.6
-11159.2
-11176.6
-11193.9
-11211
-11228
-11244.8
-11261.5
-11278
-11294.5
-11310.8
-11326.9
-11343
-11359
-11374.8
-11390.4
-11406
-11421.4
-11436.7
-11451.8
-11467
-11482
-11496.8
-11511.6
-11526.3
-11540.8
-11555.2
-11569.6
-11583.8
-11598
-11612
-11626
-11639.8
-11653.6
-11667.2
-11680.7
-11694.2
-11707.7
-11721
-11734.2
-11747.3
-11760.4
-11773.4
-11786.3
-11799.1
-11811.8
-11824.5
-11837
-11849.5
-11861.9
-11874.3
-11886.5
-11898.7
-11910.8
-11922.9
-11934.8
-11946.7
-11958.5
-11970.3
-11982
-11993.7
-12005.2
-12016.7
-12028.2
-12039.5
-12050.8
-12062
-12073.2
-12084.3
-12095.4
-12106.4
-12117.3
-12128.2
-12139.1
-12149.8
-12160.6
-12171.2
-12181.9
-12192.4
-12202.9
-12213.3
-12223.7
-12234
-12244.3
-12254.6
-12264.6
-12274.8
-12284.9
-12295
-12304.9
-12314.8
-12324.8
-12334.6
-12344.4
-12354.1
-12363.8
-12373.5
-12383
-12392.6
-12402.1
-12411.6
-12421
-12430.3
-12439.7
-12449.1
-12458.3
-12467.5
-12476.7
-12485.8
-12494.8
-12503.9
-12512.9
-12521.8
-12530.7
-12539.6
-12548.5
-12557.3
-12566.1
-12574.8
-12583.6
-12592.2
-12600.8
-12609.3
-12617.8
-12626.4
-12634.9
-12643.3
-12651.7
-12660.1
-12668.4
-12676.8
-12685
-12693.2
-12701.5
-12709.7
-12717.9
-12725.9
-12734
-12742
-12750.1
-12758
-12765.9
-12773.9
-12781.8
-12789.6
-12797.4
-12805.2
-12813
-12820.8
-12828.5
-12836.2
-12843.8
-12851.5
-12859
-12866.6
-12874.1
-12881.4
-12888.8
-12896.3
-12903.7
-12911.2
-12918.5
-12925.7
-12933.1
-12940.4
-12947.7
-12955
-12962.2
-12969.6
-12976.7
-12983.9
-12991.1
-12998.2
-13005.2
-13012.2
-13019.2
-13026.3
-13033.3
-13040.2
-13047.1
-13054.1
-13061
-13067.8
-13074.3
-13081.1
-13087.9
-13094.7
-13101.5
-13108.2
-13114.9
-13121.6
-13128.3
-13134.9
-13141.5
-13148.1
-13154.6
-13161.2
-13167.7
-13174.2
-13180.7
-13187.1
-13193.6
-13200
-13206.2
-13212.8
-13219.2
-13225.5
-13231.8
-13238.1
-13244.4
-13250.6
-13256.9
-13263.1
-13269.3
-13275.5
-13281.7
-13287.9
-13294
-13300.1
-13306.2
-13312.3
-13318.4
-13324.4
-13330.4
-13336.4
-13342.4
-13348.4
-13354.3
-13360.3
-13366.2
-13372
-13378
-13383.9
-13389.7
-13395.5
-13401.4
-13407.2
-13412.9
-13418.7
-13424.4
-13430.1
-13435.9
-13441.6
-13447.3
-13453
-13458.6
-13464.2
-13469.8
-13475.4
-13480.9
-13486.5
-13492
-13497.6
-13503.1
-13508.6
-13514.1
-13519.5
-13524.9
-13530.3
-13535.8
-13541.2
-13546.6
-13552.1
-13557.5
-13562.8
-13568.2
-13573.5
-13578.8
-13584.1
-13589.3
-13594.6
-13600
-13605.2
-13610.5
-13615.8
-13620.9
-13625.9
-13631.2
-13636.3
-13641.4
-13646.6
-13651.7
-13656.9
-13662
-13667.1
-13672.2
-13677.3
-13682.4
-13687.5
-13692.5
-13697.5
-13702.5
-13707.5
-13712.5
-13717.4
-13722.4
-13727.4
-13732.3
-13737.2
-13742.1
-13747.1
-13752
-13756.9
-13761.8
-13766.6
-13771.4
-13776.3
-13781.1
-13785.9
-13790.7
-13795.5
-13800.3
-13805
-13809.8
-13814.6
-13819.3
-13824
-13828.7
-13833.5
-13838.1
-13842.4
-13847.1
-13851.8
-13856.4
-13861.1
-13865.8
-13870.4
-13875.1
-13879.7
-13884.2
-13888.9
-13893.4
-13898
-13902.5
-13907.1
-13911.6
-13916.2
-13920.6
-13925.1
-13929.6
-13934
-13938.5
-13942.9
-13947.4
-13951.8
-13956.3
-13960.7
-13965.2
-13969.6
-13974
-13978.3
-13982.7
-13986.9
-13991.2
-13995.6
-13999.9
-14004.3
-14008.5
-14012.8
-14017.1
-14021.4
-14025.6
-14029.9
-14034.2
-14038.4
-14042.6
-14046.8
-14051
-14055.2
-14059.5
-14063.6
-14067.9
-14071.9
-14076.1
-14080.3
-14084.5
-14088.5
-14092.7
-14096.9
-14100.2
-14104.4
-14108.5
-14112.6
-14116.7
-14120.9
-14124.8
-14128.9
-14133
-14137
-14141
-14145.2
-14149.4
-14153.5
-14157.6
-14161.6
-14165.6
-14169.7
-14173.3
-14177.3
-14181.2
-14185.1
-14189
-14192.9
-14197
-14201
-14205
-14209
-14212.8
-14216.6
-14220.6
-14224.5
-14228.2
-14232.1
-14235.9
-14239.7
-14243.6
-14247.4
-14251.2
-14255.2
-14258.9
-14262.6
-14266.4
-14270.3
-14274.1
-14277.8
-14281.7
-14284.9
-14288.7
-14292.5
-14296.2
-14300.1
-14303.8
-14307.5
-14311.2
-14314.9
-14318.6
-14322.2
-14326.1
-14329.7
-14333.5
-14337
-14340.8
-14344.3
-14348
-14351.4
-14355.3
-14359
-14362.7
-14366.2
-14369.9
-14373.3
-14377
-14380.5
-14384
-14387.8
-14391.2
-14394.8
-14398.4
-14402
-14405.2
-14409
-14412.6
-14416
-14419.5
-14422.9
-14426.4
-14429.9
-14433.3
-14436.9
-14440.4
-14443.9
-14447.3
-14450.8
-14454.2
-14457.8
-14461.2
-14464.7
-14468.2
-14471.7
-14475
-14478.5
-14481.9
-14485.3
-14488.8
-14492
-14495.5
-14498.9
-14502.3
-14505.7
-14509
-14512.3
-14515.6
-14519
-14522.2
-14525.7
-14529
-14532.3
-14535.7
-14539.1
-14542.4
-14545.7
-14548.7
-14551.8
-14555.1
-14558.7
-14561.6
-14565
-14568.3
-14571.5
-14574.9
-14578.1
-14581.1
-14584.5
-14588
-14591
-14594.2
-14597.1
-14600.6
-14604.1
-14607.2
-14610.4
-14613.8
-14616.8
-14620
-14623.2
-14626.6
-14629.8
-14632.8
-14636
-14639.1
-14642.3
-14645.2
-14648.4
-14651.6
-14654.5
-14657.6
-14660.9
-14664.1
-14667.2
-14670.3
-14673.4
-14675.8
-14679
-14682.2
-14685.4
-14688.6
-14691.8
-14695.1
-14698.1
-14701
-14704.1
-14707.3
-14710.3
-14713.4
-14716.3
-14719.4
-14721.8
-14725
-14728.1
-14731.2
-14734.3
-14737.3
-14740.5
-14743.5
-14746.5
-14749.4
-14752.5
-14755.5
-14758.4
-14761.5
-14763.5
-14766.6
-14769.6
-14772.5
-14775.7
-14778.8
-14781.7
-14784.7
-14787.9
-14790.9
-14794
-14796.9
-14799.9
-14802.8
-14805.6
-14808.3
-14811.2
-14814.1
-14817.2
-14819.9
-14822.9
-14825.7
-14828.7
-14831.5
-14834.4
-14837.3
-14840.1
-14843
-14846
-14848.9
-14851.7
-14854.5
-14857.3
-14860.1
-14862.8
-14865.6
-14868.2
-14870.9
-14873.7
-14876.6
-14879.5
-14882.3
-14885.2
-14887.9
-14890.8
-14893.6
-14896.4
-14899.2
-14902
-14904.6
-14907.4
-14910.2
-14912.9
-14915.6
-14918.5
-14921.3
-14923.8
-14926.7
-14929.6
-14932.4
-14934.9
-14937.5
-14940.2
-14942.7
-14945.4
-14948.4
-14951.1
-14954
-14956.6
-14959.4
-14962.1
-14964.8
-14967.4
-14970.1
-14972.7
-14975.3
-14978.3
-14980.9
-14983.7
-14986.2
-14988.8
-14991.5
-14994.2
-14996.9
-14999.5
-15002.2
-15004.8
-15007.4
-15010.1
-15012.6
-15015.4
-15017.9
-15020.7
-15023.4
-15026
-15028.6
-15031.3
-15033.9
-15036
-15038.8
-15041.3
-15044
-15046.7
-15049.4
-15051.9
-15054.5
-15057.2
-15059.8
-15062.3
-15065
-15066.9
-15069.5
-15072
-15074.5
-15077.2
-15079.5
-15082.3
-15084.7
-15087.5
-15089.9
-15092.5
-15094.9
-15097.7
-15100.3
-15102.6
-15105.1
-15107.6
-15110
-15112.6
-15115.1
-15117.5
-15119.8
-15122.3
-15124.8
-15127.2
-15129.7
-15132.1
-15134.6
-15137
-15139.5
-15142
-15144.5
-15146.9
-15149.3
-15151.8
-15154.3
-15156.9
-15159.4
-15161.9
-15164.5
-15166.8
-15169.2
-15171.6
-15174.1
-15176.5
-15179.2
-15181.5
-15183.7
-15186.4
-15188.8
-15191.1
-15193.3
-15196
-15198.1
-15200.5
-15202.9
-15205.3
-15207.7
-15210
-15212.4
-15214.7
-15217.2
-15219.6
-15222
-15224.4
-15226.8
-15229.1
-15231.2
-15233.6
-15236.1
-15238.4
-15240.9
-15243.4
-15245.7
-15248
-15250.3
-15252.7
-15255.1
-15257.1
-15259.6
-15262
-15264.5
-15266.5
-15269
-15271.3
-15273.7
-15276.1
-15278.4
-15280.8
-15283.1
-15285.4
-15287.6
-15289.9
-15292.1
-15294.4
-15296.6
-15298.7
-15301
-15303.3
-15305.5
-15308
-15310.2
-15312.1
-15314.1
-15316.6
-15318.9
-15321.3
-15323.7
-15325.6
-15327.7
-15330.3
-15332.6
-15334.8
-15336.8
-15339.2
-15341.4
-15343.6
-15345.7
-15348.3
-15350.7
-15352.5
-15354.7
-15357
-15359.4
-15361.6
-15363.6
-15365.9
-15368.3
-15370.7
-15372.5
-15374.5
-15376.9
-15378.9
-15380.9
-15383.5
-15385
-15388
-15390
-15392.5
-15394.4
-15396.7
-15398.7
-15400.7
-15402.6
-15404.2
-15406.7
-15408.8
-15410.9
-15413.2
-15415.5
-15417.2
-15419.5
-15421.7
-15423.9
-15426
-15428.3
-15430.6
-15432.9
-15434.9
-15437
-15439.3
-15441.8
-15444.1
-15446.4
-15448.5
-15450
-15452.3
-15454.2
-15456.4
-15458.3
-15460.4
-15462.5
-15465.2
-15467.1
-15469
-15471.4
-15473.1
-15475.5
-15477
-15479.4
-15481.6
-15483.7
-15485.8
-15488
-15490
-15492.1
-15493.9
-15496.1
-15498.2
-15500.5
-15501.8
-15504
-15506.3
-15508.6
-15510.1
-15512.3
-15514.2
-15516.1
-15517.9
-15520.4
-15522
-15524
-15526.1
-15528.3
-15530.4
-15532.3
-15534.3
-15536.3
-15538.2
-15540
-15541.8
-15544
-15546
-15548.1
-15550.1
-15552.1
-15554
-15556
-15557.9
-15559.9
-15561.9
-15563.8
-15565.8
-15567.9
-15569.9
-15571.9
-15573.8
-15575.8
-15577.9
-15579.8
-15581.7
-15583.6
-15585.8
-15587.8
-15589.8
-15591.8
-15593.7
-15595.8
-15597.7
-15599.7
-15601.7
-15603.7
-15605.7
-15607.6
-15609.7
-15611.7
-15613.7
-15615.6
-15617.6
-15619.6
-15621.6
-15623.3
-15625.3
-15627.3
-15629.2
-15631.2
-15633.2
-15635.1
-15637.1
-15639
-15640.9
-15642.8
-15644.7
-15646.8
-15648.6
-15650.5
-15652.3
-15654.2
-15656.2
-15658.1
-15659.9
-15661.7
-15663.5
-15665.5
-15667.4
-15669.2
-15671.2
-15673.1
-15675.1
-15677
-15678.9
-15680.7
-15682.7
-15684.6
-15686.5
-15688.4
-15690.3
-15692.1
-15693.8
-15695.6
-15697.5
-15699.4
-15701.2
-15703.1
-15705
-15707
-15708.9
-15710.7
-15712.5
-15714.4
-15716.3
-15718.2
-15720
-15721.7
-15723.7
-15725.5
-15727.4
-15729.1
-15730.8
-15732.6
-15734.6
-15736.4
-15738.3
-15740.1
-15741.9
-15743.8
-15745.7
-15747.5
-15749.3
-15751.2
-15753
-15754.9
-15756.7
-15758.6
-15760.4
-15762.2
-15764
-15765.9
-15767.7
-15769.6
-15771.3
-15773.1
-15775
-15776.8
-15778.6
-15780.4
-15782.2
-15783.9
-15785.8
-15787.6
-15789.4
-15791.1
-15792.9
-15794.8
-15796.6
-15798.3
-15800.1
-15801.9
-15803.7
-15805.5
-15807.2
-15809
-15810.6
-15812.4
-15814.3
-15816.1
-15817.7
-15819.5
-15821.3
-15823
-15824.8
-15826.5
-15828.5
-15830.1
-15832
-15833.6
-15835.4
-15837.1
-15839
-15840.6
-15842.6
-15844.2
-15846
-15847.5
-15849.1
-15851
-15852.6
-15854.4
-15856.1
-15857.9
-15859.6
-15861.4
-15863.1
-15864.8
-15866.5
-15868.3
-15870.1
-15871.7
-15873.3
-15875.1
-15876.8
-15878.6
-15880.3
-15882
-15883.7
-15885.4
-15887.2
-15889
-15890.7
-15892.4
-15894.1
-15895.9
-15897.6
-15899.2
-15901
-15902.8
-15904.5
-15906.2
-15907.8
-15909.4
-15911.2
-15912.8
-15914.5
-15916.2
-15917.9
-15919.5
-15921
-15922.8
-15924.6
-15926.3
-15927.9
-15929.5
-15931
-15932.8
-15934.6
-15936.2
-15937.8
-15939.4
-15941.2
-15942.8
-15944.5
-15946.2
-15947.6
-15949.3
-15950.7
-15952.5
-15954.1
-15955.7
-15957.4
-15958.8
-15960.4
-15962
-15963.7
-15965.4
-15966.9
-15968.6
-15970.3
-15971.9
-15973.5
-15975.2
-15976.8
-15978.4
-15980.1
-15981.6
-15983.3
-15985
-15986.7
-15988.4
-15989.9
-15991.6
-15993.2
-15994.8
-15996.4
-15998
-15999.6
-16001.2
-16002.9
-16004.5
-16006.1
-16007.6
-16009.3
-16011
-16012.7
-16014.2
-16015.9
-16017.5
-16019.1
-16020.8
-16022.2
-16023.8
-16025.5
-16027
-16028.7
-16030
-16031.7
-16033.3
-16034.9
-16036.5
-16038.1
-16039.6
-16041.2
-16042.8
-16044.4
-16045.7
-16047.3
-16049
-16050.5
-16052.2
-16053.8
-16055.4
-16056.9
-16058.5
-16060.1
-16061.7
-16063.3
-16064.7
-16066.3
-16067.9
-16069.3
-16071
-16072.3
-16074.1
-16075.6
-16077.1
-16078.7
-16080.4
-16081.9
-16083.5
-16084.8
-16086.3
-16087.9
-16089.4
-16091
-16092.6
-16094.2
-16095.7
-16097.1
-16098.9
-16100.4
-16102
-16103.5
-16105.1
-16106.6
-16108.2
-16109.7
-16111.3
-16112.9
-16114.4
-16115.9
-16117.4
-16119
-16120.5
-16122
-16123.6
-16125.1
-16126.6
-16128.1
-16129.5
-16131.2
-16132.7
-16134.3
-16135.7
-16137.3
-16138.7
-16140.2
-16141.8
-16143.2
-16144.8
-16146.3
-16147.9
-16149.4
-16150.8
-16152.4
-16153.9
-16155.4
-16156.9
-16158.5
-16160
-16161.5
-16163.1
-16164.6
-16165.9
-16167.5
-16169
-16170.6
-16172.1
-16173.6
-16175
-16176.5
-16178
-16179.4
-16181
-16182.2
-16183.8
-16185.2
-16186.4
-16188
-16189.6
-16191
-16192.5
-16194
-16195.5
-16196.9
-16198.4
-16199.8
-16201.3
-16202.7
-16204.3
-16205.7
-16207.2
-16208.6
-16210.1
-16211.3
-16213
-16214.3
-16215.7
-16217.4
-16218.9
-16220.3
-16221.9
-16222.7
-16224.4
-16225.9
-16227.3
-16228.8
-16230.3
-16231.8
-16233.2
-16234.6
-16236.2
-16237.6
-16239.1
-16240.4
-16241.5
-16242.8
-16244.4
-16245.6
-16247.3
-16248.7
-16250.1
-16251.6
-16253
-16254.5
-16255.7
-16257.3
-16258.8
-16260.3
-16261.6
-16262.9
-16264.2
-16265.7
-16267.1
-16268.7
-16270.2
-16271.6
-16273.1
-16274.5
-16276
-16277.4
-16278.8
-16280.3
-16281.7
-16283
-16284.4
-16285.8
-16287.3
-16288.7
-16289.8
-16291.4
-16292.9
-16294.2
-16295.6
-16296.9
-16298.2
-16299.5
-16301
-16302.4
-16303.7
-16305.2
-16306.6
-16308
-16309.4
-16310.6
-16311.9
-16313
-16314.5
-16315.9
-16317.3
-16318.7
-16320.1
-16321.5
-16322.9
-16324.3
-16325.5
-16326.9
-16328.1
-16329.5
-16330.8
-16332.3
-16333.7
-16335.1
-16336.6
-16338
-16339.5
-16340.7
-16342.1
-16343.5
-16345
-16346.4
-16347.8
-16349.2
-16350.4
-16352
-16353.4
-16354.7
-16356
-16357.5
-16358.7
-16360.1
-16361.3
-16362.8
-16363.9
-16365.6
-16366.6
-16368.3
-16369.6
-16370.9
-16372.3
-16373.7
-16375.1
-16376.1
-16377.6
-16379
-16380.2
-16381.7
-16383
-16384.3
-16385.7
-16387
-16388.3
-16389.7
-16391.2
-16392.4
-16393.6
-16395.1
-16396.5
-16397.8
-16399.2
-16400.3
-16401.7
-16403
-16404.4
-16405.5
-16406.8
-16408.2
-16409.6
-16410.9
-16412.4
-16413.5
-16414.7
-16416.3
-16417.7
-16418.9
-16420.2
-16421.5
-16422.8
-16424.1
-16425.6
-16426.9
-16428.3
-16429.5
-16430.9
-16432.2
-16433.6
-16434.6
-16435.9
-16437.2
-16438.6
-16439.9
-16441.2
-16442.5
-16443.9
-16445.2
-16446.5
-16447.8
-16449.1
-16450.4
-16451.7
-16452.8
-16454.1
-16455.5
-16456.8
-16458
-16459.3
-16460.6
-16462
-16463.2
-16464.6
-16465.8
-16467.2
-16468.5
-16469.3
-16470.5
-16471.9
-16473.2
-16474.5
-16475.5
-16476.7
-16478.1
-16479.4
-16480.7
-16481.7
-16483
-16484.2
-16485.6
-16486.9
-16488.2
-16489.5
-16490.9
-16492.2
-16493.4
-16494.8
-16495.8
-16497.1
-16498.4
-16499.7
-16500.7
-16502.1
-16503.3
-16504.6
-16505.9
-16507.3
-16508.6
-16509.8
-16511.2
-16512.5
-16513.8
-16515
-16516.3
-16517.6
-16518.9
-16520.2
-16521.3
-16522.5
-16523.8
-16525
-16526.3
-16527.6
-16529
-16530.1
-16531.3
-16532.6
-16533.8
-16534.8
-16536
-16537.4
-16538.3
-16539.5
-16540.8
-16542
-16543.3
-16544.7
-16545.8
-16547
-16548.3
-16549.5
-16550.9
-16552.2
-16553.4
-16554.7
-16555.9
-16557.1
-16558.4
-16559.7
-16560.9
-16561.9
-16563.2
-16564.5
-16565.2
-16566.3
-16567.6
-16568.8
-16570.1
-16571.3
-16572.6
-16573.8
-16575.1
-16576.4
-16577.6
-16578.8
-16580.1
-16581.4
-16582.7
-16584
-16585.2
-16586.5
-16587.8
-16589.1
-16590.4
-16591.6
-16592.9
-16594
-16595.3
-16596.5
-16597.6
-16598.8
-16600.2
-16600.9
-16602.1
-16603.3
-16604.6
-16605.9
-16607
-16608.3
-16609.5
-16610.7
-16612
-16613.2
-16614.4
-16615.5
-16616.7
-16618
-16619
-16620.3
-16621.4
-16622.5
-16623.8
-16624.9
-16626.1
-16627.4
-16628.6
-16629.9
-16631
-16632.3
-16633.5
-16634.7
-16635.8
-16637.1
-16638.3
-16639.5
-16640.7
-16641.8
-16642.9
-16644.2
-16645.4
-16646.5
-16647.6
-16648.8
-16649.9
-16651.2
-16652.3
-16653.6
-16654.6
-16655.8
-16656.9
-16658
-16659.1
-16660.4
-16661.5
-16662.7
-16663.8
-16665.1
-16666.3
-16667.4
-16668.6
-16669.8
-16671
-16672.1
-16673.4
-16674.3
-16675.6
-16676.8
-16677.9
-16678.9
-16680.1
-16681.3
-16682.5
-16683.7
-16684.8
-16685.9
-16687.2
-16688.3
-16689.4
-16690.6
-16691.8
-16692.8
-16694
-16695.2
-16696.5
-16697.6
-16698.7
-16699.9
-16701
-16702.2
-16703.5
-16704.6
-16705.4
-16706.5
-16707.7
-16708.8
-16710
-16711.1
-16712.3
-16713.4
-16714.5
-16715.7
-16716.8
-16718.1
-16719.3
-16720.5
-16721.7
-16722.8
-16723.9
-16724.8
-16726
-16727.1
-16728.3
-16729.6
-16730.7
-16731.8
-16732.9
-16734.1
-16735.2
-16736.5
-16737.5
-16738.6
-16739.8
-16740.9
-16741.7
-16742.9
-16743.6
-16744.7
-16745.9
-16747.1
-16748
-16749.3
-16750.4
-16751.6
-16752.8
-16753.9
-16755
-16756.2
-16757
-16758.3
-16759.4
-16760.6
-16761.4
-16762.5
-16763.7
-16764.9
-16766
-16767.1
-16768.3
-16769.4
-16770.5
-16771.6
-16772.7
-16773.8
-16774.8
-16776
-16777.1
-16778.3
-16779.5
-16780.8
-16781.9
-16783.1
-16784.1
-16785
-16786.2
-16787.2
-16788.1
-16789.1
-16790.2
-16791.3
-16792.5
-16793.6
-16794.7
-16795.9
-16797
-16798.1
-16799.2
-16800.3
-16801.4
-16802.5
-16803.6
-16804.8
-16805.9
-16807.1
-16808
-16809.1
-16810.3
-16811.4
-16812.5
-16813.7
-16814.7
-16815.9
-16817
-16818.1
-16819.3
-16820.4
-16821.2
-16822.3
-16823.5
-16824.5
-16825.6
-16826.8
-16828
-16829.1
-16830
-16831.1
-16832.2
-16833.3
-16834.2
-16835
-16836.2
-16837.3
-16838.4
-16839.4
-16840.4
-16841.5
-16842.6
-16843.8
-16844.9
-16845.9
-16847.1
-16847.8
-16849
-16850.1
-16851.2
-16852.4
-16853.4
-16854.6
-16855.5
-16856.6
-16857.6
-16858.8
-16859.9
-16861.1
-16862.1
-16862.8
-16863.5
-16864.6
-16865.7
-16866.8
-16867.8
-16869
-16870.1
-16871.1
-16872.1
-16872.9
-16874
-16875
-16876.1
-16877.2
-16878.1
-16879.3
-16880.4
-16881
-16882.1
-16883.1
-16884.1
-16885.1
-16886.2
-16887.3
-16888.3
-16889.4
-16890.4
-16891.4
-16892.5
-16893.5
-16894.5
-16895.5
-16896.6
-16897.6
-16898.7
-16899.8
-16900.7
-16901.8
-16902.9
-16904
-16905
-16906
-16907.1
-16908.2
-16909.3
-16910.4
-16911.4
-16912.5
-16913.6
-16914.7
-16915.7
-16916.8
-16918
-16918.9
-16919.9
-16921.1
-16922.1
-16923
-16924.1
-16925.2
-16926.3
-16927.4
-16928.4
-16929.4
-16930.5
-16931.5
-16932.6
-16933.5
-16934
-16935.2
-16935.8
-16936.5
-16937.6
-16938.6
-16939.7
-16940.9
-16942
-16943
-16943.8
-16944.4
-16945.4
-16946.4
-16947.6
-16948.4
-16949.4
-16950.4
-16951.4
-16952.5
-16953.5
-16954.5
-16955.5
-16956.6
-16957.7
-16958.7
-16959.7
-16960.7
-16961.7
-16962.7
-16963.7
-16964.8
-16965.8
-16966.8
-16967.9
-16969
-16969.9
-16970.8
-16972
-16973
-16974
-16975
-16975.9
-16977
-16978.1
-16979.1
-16980
-16981.1
-16982
-16983.1
-16984
-16985.1
-16986
-16987.1
-16988.1
-16989.1
-16990.1
-16991.2
-16992.2
-16993.2
-16994.2
-16995.2
-16996.2
-16997.2
-16998.2
-16999.2
-17000.2
-17001.1
-17002.2
-17003.3
-17004.2
-17005.3
-17006.2
-17007.3
-17008.4
-17009.4
-17010.4
-17011.4
-17012.5
-17013.4
-17014.3
-17015.2
-17016.2
-17017.3
-17018.4
-17019.4
-17020.3
-17021.6
-17022.5
-17023.6
-17024.7
-17025.5
-17026.5
-17027.5
-17028.5
-17029.5
-17030.1
-17031.2
-17032.3
-17033.3
-17034.3
-17035.5
-17036.4
-17037.5
-17038.4
-17039.5
-17040.2
-17041.2
-17042.2
-17042.9
-17044
-17045.1
-17045.9
-17047
-17048
-17049
-17050
-17051
-17051.7
-17052.6
-17053.6
-17054.7
-17055.8
-17056.7
-17057.7
-17058.1
-17059.1
-17060.1
-17061
-17062.1
-17063.1
-17064.1
-17065.1
-17066.1
-17067.1
-17067.4
-17068.4
-17069.4
-17070.3
-17071.3
-17072.3
-17073.4
-17074.2
-17075.2
-17076.2
-17077.2
-17078.3
-17079.4
-17080
-17081.1
-17082.1
-17083
-17083.8
-17084.7
-17085.7
-17086.9
-17087.6
-17088.5
-17089.5
-17090.4
-17091.4
-17092.5
-17093.3
-17094.3
-17095.2
-17096.3
-17097.1
-17098
-17099
-17099.8
-17100.9
-17101.8
-17102.9
-17103.7
-17104.6
-17105.4
-17106.6
-17107.4
-17108.4
-17109.2
-17110.1
-17111
-17112
-17112.9
-17113.8
-17114.8
-17115.8
-17116.7
-17117.7
-17118.6
-17119.6
-17120.6
-17121.8
-17122.5
-17123.1
-17124.1
-17125
-17126
-17126.9
-17127.6
-17128.5
-17129.5
-17130.4
-17131.4
-17132.3
-17133.3
-17134.2
-17135.1
-17136.1
-17136.9
-17137.9
-17138.8
-17139.7
-17140.7
-17141.6
-17142.8
-17143.6
-17144.4
-17145.3
-17146.5
-17147.2
-17148.2
-17149
-17149.9
-17150.8
-17151.7
-17152.7
-17153.6
-17154.5
-17155.4
-17156.5
-17157.5
-17158.3
-17159.2
-17160.2
-17161
-17161.9
-17162.7
-17163.8
-17164.7
-17165.6
-17166.4
-17167.4
-17168.3
-17169.3
-17170.2
-17171.1
-17172
-17173
-17173.9
-17174.7
-17175.7
-17176.5
-17177.5
-17178.5
-17179.1
-17180.1
-17181
-17181.8
-17182.8
-17183.7
-17184.6
-17185.5
-17186.5
-17187.5
-17188.3
-17189.3
-17190.2
-17191.2
-17192
-17192.9
-17193.8
-17194.5
-17195.3
-17196.2
-17197.2
-17198
-17198.9
-17199.8
-17200.7
-17201.6
-17202.6
-17203.5
-17204.3
-17205.2
-17206.2
-17206.9
-17207.8
-17208.8
-17209.6
-17210.6
-17211.4
-17212.5
-17213.3
-17214.3
-17215.2
-17216.1
-17217
-17218
-17218.9
-17219.8
-17220.3
-17221.1
-17222.1
-17223.1
-17224
-17224.8
-17225.7
-17226.6
-17227.5
-17228.4
-17229.3
-17230.2
-17231.1
-17231.9
-17232.9
-17233.8
-17234.2
-17235.2
-17236
-17237.1
-17238
-17238.7
-17239.6
-17240.4
-17241.5
-17241.9
-17242.9
-17243.6
-17244.7
-17245.6
-17246.5
-17247.4
-17248.3
-17249.2
-17250.1
-17251
-17251.9
-17252.9
-17253.8
-17254.7
-17255.6
-17256.5
-17257.2
-17258.2
-17259.1
-17259.7
-17260.5
-17261.3
-17262.3
-17263.1
-17264.1
-17265.1
-17265.9
-17266.9
-17267.8
-17268.8
-17269.7
-17270.5
-17271.2
-17272.2
-17273.1
-17274
-17275
-17275.9
-17276.7
-17277.7
-17278.5
-17279.4
-17280
-17281
-17281.6
-17282.6
-17283.5
-17284.4
-17285.4
-17286.4
-17287.2
-17288.1
-17288.9
-17289.4
-17290.3
-17291.1
-17292.1
-17292.9
-17293.8
-17294.8
-17295.6
-17296.5
-17297.4
-17298.1
-17299
-17299.9
-17300.9
-17301.6
-17302.6
-17303.4
-17304.3
-17305.1
-17305.9
-17306.6
-17307.7
-17308.6
-17309.5
-17310.3
-17311.3
-17312.2
-17313.1
-17313.8
-17314.8
-17315.7
-17316.6
-17317.4
-17318.3
-17319.2
-17320.1
-17320.9
-17321.8
-17322.7
-17323.6
-17324.3
-17325.2
-17326.1
-17326.9
-17327.9
-17328.4
-17329.4
-17330
-17331.1
-17331.8
-17332.7
-17333.3
-17334.3
-17335.1
-17335.9
-17336.8
-17337.8
-17338.5
-17339.4
-17340.3
-17341
-17341.9
-17342.3
-17343.1
-17344
-17344.9
-17345.6
-17346.6
-17347.3
-17348.2
-17349.1
-17350
-17351
-17351.8
-17352.8
-17353.6
-17354.4
-17355.1
-17356
-17356.8
-17357.8
-17358.5
-17359.4
-17360.3
-17361.2
-17362.1
-17362.9
-17363.7
-17364.6
-17365.4
-17366.3
-17367
-17367.9
-17368.6
-17369.6
-17370.2
-17371
-17371.7
-17372.6
-17373.3
-17374.2
-17374.9
-17375.8
-17376.7
-17377.5
-17378.4
-17378.4
-17379.3
-17380.1
-17381
-17381.8
-17382.7
-17383.4
-17384.3
-17385.2
-17386.1
-17386.9
-17387.9
-17388.9
-17389.6
-17390.3
-17391.2
-17392.1
-17392.9
-17393.5
-17394.2
-17394.9
-17395.9
-17397
-17397.2
-17398
-17398.7
-17399.6
-17400.4
-17401.3
-17402.1
-17402.9
-17403.8
-17404.5
-17405.2
-17406
-17406.8
-17407.6
-17408.6
-17409.3
-17410.1
-17411
-17411.9
-17412.6
-17413.5
-17414.3
-17415.1
-17415.9
-17416.8
-17417.6
-17418.4
-17419.2
-17420
-17420.8
-17421.7
-17422.4
-17423.2
-17423.9
-17424.8
-17425.7
-17426.5
-17427.3
-17428.1
-17428.9
-17429.7
-17430.5
-17431.3
-17432.1
-17432.9
-17433.8
-17434.7
-17435.5
-17436.3
-17437.2
-17438
-17438.8
-17439.6
-17440.4
-17441.3
-17442.1
-17442.9
-17443.7
-17444.5
-17445.3
-17446.1
-17447
-17447.8
-17448.6
-17449.4
-17450.3
-17451
-17451.8
-17452.7
-17453.4
-17454.3
-17455
-17455.8
-17456.6
-17457.4
-17458.4
-17459.1
-17459.9
-17460.5
-17461.3
-17462.1
-17462.9
-17463.7
-17464.5
-17465.4
-17466.2
-17466.7
-17467.4
-17468.1
-17468.9
-17469.7
-17470.5
-17471.3
-17472.1
-17472.9
-17473.7
-17474.5
-17475.3
-17476.1
-17476.9
-17477.6
-17478.4
-17479.2
-17479.9
-17480.8
-17481.5
-17482.3
-17483.1
-17484
-17484.9
-17485.5
-17486.5
-17487
-17487.9
-17488.5
-17489.4
-17490.2
-17491
-17491.7
-17492.6
-17493.3
-17494.1
-17494.8
-17495.6
-17496.4
-17497.3
-17498
-17498.8
-17499.5
-17500.4
-17501.2
-17502
-17502.8
-17503.5
-17504.3
-17505.1
-17506
-17506.7
-17507
-17507.8
-17508.5
-17509.4
-17510.2
-17511
-17511.7
-17512.6
-17513.5
-17514.1
-17514.9
-17515.6
-17516.4
-17517.2
-17517.8
-17518.5
-17519.4
-17520.2
-17521
-17521.8
-17522.5
-17523.3
-17524.1
-17524.9
-17525.7
-17526.5
-17527.3
-17528.1
-17528.9
-17529.6
-17530.5
-17531.3
-17532
-17532.8
-17533.5
-17534.3
-17535.1
-17535.9
-17536.7
-17537.4
-17538.1
-17538.9
-17539.7
-17540.5
-17541.1
-17542
-17542.7
-17543.6
-17544.3
-17545
-17545.8
-17546.6
-17547.4
-17548.1
-17548.9
-17549.7
-17550.4
-17551.2
-17551.8
-17552.7
-17553.4
-17554
-17554.6
-17555.4
-17556.2
-17556.9
-17557.7
-17558.5
-17559.3
-17560
-17560.7
-17561.4
-17562.2
-17562.9
-17563.7
-17564.5
-17565.3
-17566
-17566.8
-17567.6
-17568.3
-17569.1
-17569.9
-17570.6
-17571.4
-17572.1
-17572.8
-17573.7
-17574.4
-17575.2
-17576
-17576.8
-17577.5
-17578.3
-17579
-17579.8
-17580.6
-17581.3
-17582.2
-17582.9
-17583.3
-17584.1
-17584.8
-17585.6
-17586.4
-17587.1
-17587.8
-17588.6
-17589.3
-17590.2
-17590.9
-17591.6
-17592.3
-17593
-17593.7
-17594.6
-17595.2
-17596
-17596.6
-17597.1
-17597.9
-17598.7
-17599.5
-17600.2
-17601
-17601.8
-17602.6
-17603.2
-17604.1
-17604.8
-17605.6
-17606.2
-17607.1
-17607.7
-17608.5
-17609.1
-17609.9
-17610.8
-17611.4
-17612.2
-17612.9
-17613.7
-17614.4
-17615.2
-17616.1
-17616.7
-17617.4
-17618.1
-17618.9
-17619.7
-17620.1
-17621
-17621.8
-17622.3
-17623.1
-17623.8
-17624.3
-17625.1
-17625.9
-17626.5
-17627.2
-17628
-17628.8
-17629.6
-17630.3
-17631
-17631.7
-17632.5
-17633.3
-17634
-17634.8
-17635.5
-17636.3
-17637
-17637.8
-17638.3
-17638.9
-17639.8
-17640.4
-17641.3
-17642
-17642.8
-17643.3
-17644.2
-17644.8
-17645.6
-17646.2
-17647
-17647.7
-17648.5
-17649.1
-17649.9
-17650.6
-17651.4
-17652.2
-17652.9
-17653.7
-17654.4
-17655.1
-17655.8
-17656.6
-17657.2
-17657.8
-17658.7
-17659.5
-17660.2
-17661
-17661.8
-17662.5
-17663.2
-17663.9
-17664.7
-17665.5
-17666.2
-17666.8
-17667.5
-17668.1
-17668.9
-17669.6
-17670.4
-17671.1
-17671.9
-17672.5
-17673.3
-17673.9
-17674.6
-17675.5
-17676.2
-17676.7
-17677.4
-17678.2
-17678.9
-17679.5
-17680.1
-17681.1
-17681.7
-17682.5
-17683
-17683.6
-17684.4
-17685.1
-17685.9
-17686.7
-17687.3
-17688.2
-17688.7
-17689.6
-17690.2
-17691
-17691.7
-17692.4
-17693.1
-17693.9
-17694.6
-17695.2
-17696.1
-17696.7
-17697.4
-17698.1
-17698.8
-17699.6
-17700.3
-17700.9
-17701.8
-17702.4
-17703.3
-17704
-17704.5
-17705.3
-17706
-17706.7
-17707.3
-17708.1
-17708.9
-17709.6
-17710.3
-17711
-17711.7
-17712.4
-17713.1
-17713.8
-17714.6
-17715.3
-17715.9
-17716.7
-17717.3
-17718.2
-17719
-17719.5
-17720.2
-17720.7
-17721.5
-17722
-17722.8
-17723.4
-17724
-17724.8
-17725.6
-17726.3
-17727
-17727.7
-17728.4
-17729.1
-17729.8
-17730.6
-17731.2
-17731.9
-17732.5
-17733.2
-17733.9
-17734.6
-17735.2
-17735.9
-17736.6
-17737.3
-17738
-17738.7
-17739.4
-17740.1
-17740.8
-17741.5
-17742.2
-17742.8
-17743.5
-17744.2
-17745
-17745.7
-17746.4
-17747.1
-17747.8
-17748.5
-17749.2
-17749.9
-17750.6
-17751.2
-17751.9
-17752.7
-17753.3
-17754.1
-17754.7
-17755.5
-17756.1
-17756.8
-17757.5
-17758.3
-17759
-17759.6
-17760.2
-17761
-17761.7
-17762.2
-17762.9
-17763.5
-17764.4
-17765
-17765.7
-17766.3
-17767.1
-17767.8
-17768.2
-17768.9
-17769.6
-17770.3
-17771.1
-17771.7
-17772.5
-17773.1
-17773.8
-17774.5
-17775.2
-17775.9
-17776.6
-17777.2
-17777.9
-17778.6
-17779.2
-17780
-17780.7
-17781.4
-17782
-17782.7
-17783.4
-17784.1
-17784.8
-17785.5
-17786.2
-17786.9
-17787.5
-17788.2
-17788.4
-17789.1
-17789.8
-17790.4
-17791.1
-17791.9
-17792.6
-17793.1
-17793.7
-17794.4
-17795.1
-17795.8
-17796.5
-17797.3
-17797.9
-17798.7
-17799.2
-17799.9
-17800.6
-17801.3
-17802.1
-17802.5
-17803.1
-17803.8
-17804.4
-17805.1
-17805.8
-17806.5
-17807.2
-17807.7
-17808.3
-17809
-17809.7
-17810.4
-17811
-17811.7
-17812.4
-17813.1
-17813.7
-17814.4
-17815.1
-17815.8
-17816.6
-17817.2
-17817.7
-17818.4
-17819.1
-17819.8
-17820.4
-17821.1
-17821.7
-17822.3
-17823.1
-17823.8
-17824.3
-17824.9
-17825.7
-17826.5
-17826.9
-17827.6
-17828.2
-17828.9
-17829.6
-17830.3
-17830.9
-17831.4
-17832.3
-17832.9
-17833.5
-17834
-17834.8
-17835.5
-17836.1
-17837
-17837.7
-17838.1
-17838.9
-17839.5
-17840.2
-17841
-17841.2
-17842
-17842.7
-17843.4
-17843.9
-17844.6
-17845.2
-17845.8
-17846.3
-17847
-17847.7
-17848.2
-17848.8
-17849.5
-17850.2
-17850.9
-17851.5
-17852.2
-17852.9
-17853.6
-17854.2
-17855
-17855.6
-17856.2
-17856.9
-17856.9
-17857.6
-17858.3
-17859
-17859.6
-17860.4
-17861
-17861.7
-17862.3
-17863
-17863.6
-17864.2
-17864.8
-17865.4
-17866.2
-17866.8
-17867.4
-17868
-17868.8
-17869.4
-17870
-17870.7
-17871.4
-17872
-17872.7
-17873.4
-17873.9
-17874.7
-17875.4
-17876
-17876.6
-17877.4
-17878.1
-17878.8
-17879.5
-17880.2
-17880.8
-17881.5
-17882.1
-17882.8
-17883.2
-17883.8
-17884.5
-17885
-17885.7
-17886.4
-17887
-17887.5
-17888.2
-17888.8
-17889.5
-17890.2
-17890.8
-17891.5
-17892.1
-17892.8
-17893.4
-17894.1
-17894.8
-17895.4
-17896
-17896.8
-17897.4
-17898
-17898.7
-17899.2
-17899.9
-17900.5
-17901.1
-17901.7
-17902.4
-17903
-17903.7
-17904.4
-17905
-17905.7
-17906.4
-17907
-17907.6
-17908.2
-17908.9
-17909.6
-17910.3
-17910.7
-17911.5
-17912.1
-17912.8
-17913.5
-17914.1
-17914.8
-17915.4
-17916
-17916.7
-17917.3
-17917.9
-17918.5
-17919.2
-17919.7
-17920.5
-17921.1
-17921.8
-17922.4
-17923
-17923.8
-17924.3
-17924.9
-17925.6
-17926.3
-17927
-17927.4
-17928.1
-17928.8
-17929.5
-17930.2
-17930.6
-17931.1
-17931.7
-17932.5
-17933.2
-17933.8
-17934.5
-17935.1
-17935.9
-17936.1
-17936.7
-17937.3
-17938
-17938.6
-17939.2
-17939.9
-17940.4
-17941.1
-17941.7
-17942.4
-17943
-17943.7
-17944.3
-17944.9
-17945.3
-17946
-17946.6
-17947.2
-17947.9
-17948.5
-17949.1
-17949.7
-17950.3
-17950.8
-17951.4
-17952.1
-17952.7
-17953.4
-17954
-17954.6
-17955.2
-17955.7
-17956.4
-17957
-17957.6
-17958.3
-17958.9
-17959.6
-17960.2
-17960.8
-17961.5
-17962
-17962.7
-17963.3
-17964
-17964.6
-17965.2
-17965.7
-17966.3
-17966.9
-17967.5
-17968.2
-17968.8
-17969.4
-17970.1
-17970.7
-17971.3
-17971.9
-17972.5
-17973.2
-17973.8
-17974.4
-17975
-17975.5
-17976.2
-17976.8
-17977.4
-17978
-17978.7
-17979.3
-17980
-17980.9
-17981.4
-17982
-17982.8
-17983.3
-17983.8
-17984.4
-17985
-17985.7
-17986.3
-17986.9
-17987.5
-17988.1
-17988.8
-17989.4
-17989.9
-17990.5
-17991.2
-17991.9
-17992.4
-17993.1
-17993.7
-17994.6
-17995
-17995.8
-17996.1
-17996.7
-17997.3
-17998
-17998.6
-17999.2
-17999.8
-18000.5
-18001
-18001.6
-18002.3
-18002.9
-18003.6
-18004.1
-18004.6
-18005.2
-18005.9
-18006.5
-18007.2
-18007.8
-18008.5
-18009.2
-18009.7
-18010.1
-18010.4
-18011
-18011.6
-18012.2
-18012.8
-18013.4
-18014
-18014.6
-18015.2
-18015.8
-18016.4
-18017.1
-18017.7
-18018.3
-18018.9
-18019.5
-18020.1
-18020.8
-18021.4
-18022
-18022.6
-18023.2
-18023.9
-18024.6
-18025.1
-18025.7
-18026.4
-18026.9
-18027.5
-18028.1
-18028.7
-18029.4
-18029.9
-18030.5
-18031.1
-18031.7
-18032.3
-18032.9
-18033.5
-18034.1
-18034.7
-18035.4
-18036
-18036.6
-18037.2
-18037.7
-18038.3
-18038.9
-18039.5
-18040.1
-18040.7
-18041.3
-18041.9
-18042.5
-18043.1
-18043.8
-18044.4
-18045
-18045.6
-18046.1
-18046.8
-18047.4
-18048
-18048.7
-18049.3
-18049.9
-18050.5
-18051
-18051.7
-18052.3
-18053.1
-18053.6
-18054.1
-18054.8
-18055.3
-18055.8
-18056.5
-18057.1
-18057.8
-18058.2
-18058.8
-18059.5
-18060.1
-18060.7
-18061.2
-18061.8
-18062.4
-18063
-18063.6
-18064.3
-18065
-18065.2
-18065.8
-18066.5
-18067.1
-18067.6
-18068.3
-18068.9
-18069.5
-18070.1
-18070.7
-18071.3
-18071.9
-18072.6
-18072.9
-18073.6
-18074.2
-18074.7
-18075.3
-18075.9
-18076.5
-18077
-18077.7
-18078.3
-18078.9
-18079.5
-18080.1
-18080.7
-18081.4
-18081.1
-18081.8
-18082.5
-18083.2
-18083.7
-18084.3
-18084.7
-18085.4
-18085.6
-18086.2
-18086.8
-18087.4
-18088
-18088.6
-18089.2
-18089.8
-18090.4
-18091
-18091.6
-18092.2
-18092.8
-18093.5
-18094.1
-18094.8
-18095.2
-18095.9
-18096.5
-18097.1
-18097.7
-18098.4
-18099
-18099.6
-18100.1
-18100.8
-18101.4
-18101.9
-18102.3
-18102.8
-18103.5
-18104
-18104.7
-18105.1
-18105.7
-18106.3
-18106.9
-18107.5
-18108.1
-18108.7
-18109.3
-18109.9
-18110.5
-18111.2
-18111.7
-18112.3
-18113
-18113.4
-18114.1
-18114.5
-18115.1
-18116
-18116.4
-18116.9
-18117.6
-18118.2
-18118.6
-18119.1
-18119.7
-18120.3
-18120.9
-18121.4
-18122
-18122.6
-18123.1
-18123.7
-18124.4
-18124.9
-18125.6
-18126.1
-18126.6
-18127.2
-18127.7
-18128.3
-18128.7
-18129.3
-18129.9
-18130.4
-18131.1
-18131.6
-18132.3
-18132.8
-18133.4
-18134
-18134.6
-18135.2
-18135.8
-18136.5
-18137.1
-18137.8
-18138.3
-18138.8
-18139.4
-18140
-18140.5
-18141
-18141.7
-18142.3
-18142.9
-18143.5
-18144.1
-18144.7
-18145.5
-18145.8
-18146.4
-18147.1
-18147.6
-18148.1
-18148.6
-18149.2
-18149.8
-18150.4
-18151
-18151.6
-18152.2
-18152.8
-18153.3
-18153.8
-18154.4
-18155
-18155.6
-18156.2
-18156.8
-18157.2
-18157.9
-18158.4
-18159.1
-18159.5
-18160.1
-18160.6
-18161.1
-18161.8
-18162.4
-18163
-18163.6
-18164.2
-18164.7
-18165.2
-18165.7
-18166.4
-18167.1
-18167.5
-18168.1
-18168.5
-18169.2
-18169.4
-18169.9
-18170.5
-18171.1
-18171.7
-18172.3
-18172.8
-18173.4
-18173.9
-18174.6
-18175.1
-18175.9
-18176.4
-18177
-18177.6
-18178
-18178.5
-18179.1
-18179.7
-18180.2
-18180.8
-18181.2
-18181.9
-18182.4
-18183
-18183.6
-18184.3
-18184.9
-18185.4
-18186
-18186.4
-18186.9
-18187.5
-18187.9
-18188.5
-18189.1
-18189.7
-18190.3
-18190.8
-18191.3
-18191.9
-18192.5
-18193.2
-18193.6
-18194.2
-18194.7
-18195.3
-18195.9
-18196.6
-18197
-18197.6
-18198.1
-18198.6
-18199.2
-18199.8
-18200.3
-18200.9
-18201.4
-18201.9
-18202.4
-18202.9
-18203.4
-18203.8
-18204.4
-18205
-18205.7
-18206.3
-18206.8
-18207.3
-18207.9
-18208.5
-18209
-18209.6
-18210.2
-18210.8
-18211.3
-18212
-18212.4
-18212.8
-18213.3
-18214
-18214.5
-18215.2
-18215.2
-18215.6
-18216.2
-18216.6
-18217.2
-18217.7
-18218.2
-18218.8
-18219.3
-18219.9
-18220.6
-18221.2
-18221.8
-18222.2
-18222.6
-18223.2
-18223.8
-18224.2
-18224.8
-18225.8
-18225.9
-18226.6
-18227.2
-18227.6
-18228
-18228.7
-18229.2
-18229.6
-18230.2
-18230.6
-18231
-18231.5
-18232.2
-18232.5
-18233.2
-18233.7
-18234.3
-18234.8
-18235.3
-18235.9
-18236.3
-18236.6
-18237.3
-18237.8
-18238.4
-18239
-18239.5
-18240
-18240.6
-18241.1
-18241.6
-18242.1
-18242.6
-18243.2
-18243.9
-18244.4
-18244.9
-18245.5
-18246.2
-18246.5
-18247.1
-18247.8
-18248.1
-18248.9
-18249.3
-18249.8
-18250.5
-18251.1
-18251.5
-18252.2
-18252.5
-18253.2
-18253.6
-18254.2
-18254.7
-18255.3
-18255.6
-18256.2
-18256.8
-18257.3
-18257.9
-18258.7
-18259.2
-18259.8
-18260.2
-18260.7
-18261.2
-18261.8
-18262.3
-18262.9
-18263.4
-18264
-18264.4
-18264.9
-18265.4
-18266
-18266.5
-18267.2
-18267.7
-18268.3
-18268.8
-18269.1
-18269.9
-18270.1
-18270.8
-18271.5
-18271.9
-18272.4
-18272.9
-18273.7
-18274.1
-18274.6
-18275.2
-18275.8
-18276.4
-18277
-18277.5
-18277.9
-18278.4
-18279
-18279.5
-18280
-18280.5
-18281.3
-18281.7
-18282.3
-18282.7
-18283.2
-18284
-18284
-18284.7
-18285.2
-18285.8
-18286.3
-18286.9
-18287.4
-18288
-18288.5
-18289.1
-18289.6
-18290.2
-18290.7
-18291.3
-18291.9
-18292.5
-18292.5
-18293
-18293.5
-18294.1
-18294.6
-18295.2
-18295.7
-18296.2
-18296.8
-18297.3
-18297.9
-18298.4
-18298.9
-18299.5
-18299.9
-18300.6
-18301
-18301.6
-18302.1
-18302.6
-18303.2
-18303.8
-18304.2
-18304.8
-18305.4
-18305.9
-18306.5
-18306.9
-18307.5
-18308
-18308.5
-18309
-18309.7
-18309.9
-18310.6
-18311.2
-18311.7
-18312.2
-18312.8
-18313.3
-18313.9
-18314.4
-18314.9
-18315.5
-18316
-18316.5
-18317
-18317.5
-18318
-18318.5
-18319
-18319.6
-18320.1
-18320.7
-18321.2
-18321.7
-18322.2
-18322.8
-18323.2
-18323.9
-18324.4
-18324.9
-18325.4
-18325.9
-18326.3
-18326.8
-18327.4
-18328
-18328.5
-18329.1
-18329.6
-18330.2
-18330.8
-18331.2
-18331.7
-18332.3
-18332.9
-18333.4
-18333.9
-18334.4
-18334.9
-18335.4
-18336
-18336.5
-18337
-18337.6
-18338.1
-18338.7
-18339.2
-18339.3
-18339.8
-18340.4
-18340.9
-18341.7
-18342.1
-18342.7
-18342.7
-18343.5
-18344
-18344.4
-18344.9
-18345.5
-18346.1
-18346.6
-18347.1
-18347.7
-18348.2
-18348.7
-18348.9
-18349.4
-18350.1
-18350.4
-18351
-18351.3
-18351.9
-18352.4
-18352.9
-18353.5
-18354
-18354.6
-18355.1
-18355.6
-18356.2
-18356.8
-18357.4
-18357.8
-18358.5
-18358.4
-18358.8
-18359.4
-18359.8
-18360.4
-18361
-18361.5
-18362
-18362.4
-18363
-18363.5
-18364
-18364.5
-18365
-18365.5
-18366.1
-18366.5
-18367.1
-18367.6
-18368.1
-18368.4
-18369.1
-18369.7
-18370.2
-18370.7
-18371.2
-18371.7
-18372.2
-18372.8
-18373.3
-18373.8
-18374.3
-18374.9
-18375.5
-18375.9
-18376.4
-18377
-18377.5
-18378
-18378.5
-18378.9
-18379.5
-18380
-18380.5
-18381
-18381.6
-18382.1
-18382.6
-18383.1
-18383.5
-18384.2
-18384.6
-18385.1
-18385.6
-18386.1
-18386.7
-18387.2
-18387.7
-18388.1
-18388.6
-18389.1
-18389.6
-18390
-18390.6
-18391.1
-18391.6
-18392.1
-18392.6
-18393.1
-18393.6
-18394.1
-18394.8
-18395.1
-18395.7
-18396.4
-18396.7
-18397.2
-18397.9
-18398.2
-18398.8
-18399
-18399.5
-18400
-18400.5
-18400.8
-18401.4
-18401.9
-18402.4
-18403
-18403.6
-18403.9
-18404.5
-18405
-18405.5
-18405.4
-18406
-18406.5
-18407
-18407.5
-18408
-18408.5
-18409.1
-18409.6
-18410.1
-18410.5
-18411
-18411.5
-18412
-18412.5
-18413
-18413.5
-18414
-18414.6
-18415
-18415.5
-18416
-18416.5
-18417
-18417.5
-18418
-18418.5
-18419
-18419.5
-18420
-18420.5
-18421
-18421.6
-18422.1
-18422.6
-18423.1
-18423.6
-18424.1
-18424.6
-18425.1
-18425.6
-18426.1
-18426.5
-18427.1
-18427.5
-18428.1
-18428.5
-18429
-18429.5
-18430
-18430.5
-18431
-18431.5
-18432
-18432.5
-18433
-18433.5
-18434
-18434.5
-18435
-18435.5
-18436
-18436.5
-18437
-18437.5
-18438
-18438.4
-18438.9
-18439.3
-18439.8
-18440.3
-18440.7
-18441.2
-18441.7
-18442.2
-18442.7
-18443.2
-18443.7
-18444.2
-18444.7
-18445.2
-18445.7
-18446.2
-18446.7
-18447.3
-18447.7
-18448.2
-18448.7
-18449.2
-18449.7
-18450.2
-18450.7
-18451.2
-18451.7
-18452.2
-18452.7
-18453.2
-18453.7
-18454.2
-18454.7
-18455.2
-18455.7
-18456.1
-18456.6
-18457.1
-18457.6
-18458.1
-18458.6
-18459.1
-18459.5
-18460.1
-18460.5
-18461
-18461.5
-18462
-18462.5
-18463
-18463.3
-18463.8
-18464.4
-18464.9
-18465.4
-18465.9
-18466.3
-18466.8
-18467.3
-18467.8
-18468.2
-18468.7
-18469.2
-18469.7
-18470.2
-18470.7
-18471.2
-18471.7
-18472.2
-18472.7
-18473.2
-18473.7
-18474.1
-18474.6
-18475.1
-18475.5
-18476
-18476.5
-18477
-18477.5
-18478
-18478.5
-18479
-18479.4
-18479.9
-18480.4
-18480.9
-18481.3
-18481.8
-18482.3
-18482.8
-18483.3
-18483.8
-18484.2
-18484.7
-18485.2
-18485.7
-18486.2
-18486.7
-18487.2
-18487.6
-18488.1
-18488.6
-18489.1
-18489.6
-18490
-18490.4
-18491
-18491.5
-18492
-18492.5
-18493
-18493.4
-18493.9
-18494.4
-18494.9
-18495.1
-18495.6
-18496.1
-18496.6
-18497
-18497.5
-18498
-18498.4
-18499
-18499.4
-18500
-18500.4
-18500.9
-18501.4
-18502
-18502.5
-18503
-18503.4
-18503.9
-18504.4
-18504.9
-18505.4
-18505.9
-18506.4
-18506.9
-18507.4
-18507.9
-18508.4
-18508.8
-18509.3
-18509.8
-18510.3
-18510.8
-18511.2
-18511.8
-18512.3
-18512.4
-18512.8
-18513.4
-18513.8
-18514.3
-18514.8
-18515.3
-18515.8
-18516.2
-18516.7
-18517.2
-18517.7
-18518.1
-18518.6
-18519.1
-18519.5
-18520
-18520.5
-18521
-18521.5
-18521.9
-18522.4
-18522.9
-18523.4
-18523.9
-18524.3
-18524.8
-18525.3
-18525.8
-18526.2
-18526.7
-18527.2
-18527.7
-18528.2
-18528.7
-18529.2
-18529.6
-18530.2
-18530.7
-18531.1
-18531.5
-18532.1
-18532.4
-18532.9
-18533.3
-18533.8
-18534.3
-18534.6
-18535.2
-18535.6
-18536
-18536.6
-18537
-18537.5
-18538
-18538.4
-18538.9
-18539.3
-18539.8
-18540.2
-18540.8
-18541.3
-18541.8
-18542.2
-18542.7
-18543.2
-18543.7
-18544.2
-18544.7
-18545.2
-18545.8
-18546.1
-18546.6
-18547
-18547.4
-18547.8
-18548.3
-18548.8
-18549.3
-18549.7
-18550.2
-18550.7
-18551.1
-18551.6
-18552.1
-18552.3
-18552.8
-18553.2
-18553.7
-18554.2
-18554.5
-18555
-18555.5
-18556
-18556.4
-18556.8
-18557.2
-18557.7
-18558.1
-18558.6
-18559
-18559.4
-18560
-18560.4
-18560.8
-18561.3
-18561.7
-18562.2
-18562.7
-18563.1
-18563.6
-18564.1
-18564.5
-18565.1
-18565.4
-18565.9
-18566.3
-18566.8
-18567.2
-18567.7
-18568.2
-18568.6
-18569.1
-18569.5
-18570
-18570.5
-18570.9
-18571.4
-18571.9
-18572.3
-18572.8
-18573.2
-18573.7
-18574.2
-18574.6
-18575.1
-18575.6
-18576
-18576.5
-18577
-18577.4
-18577.9
-18578.3
-18578.8
-18579.2
-18579.7
-18580.2
-18580.7
-18581.1
-18581.6
-18582.1
-18582.7
-18583
-18583.5
-18583.9
-18584.4
-18584.8
-18585.3
-18585.7
-18586.2
-18586.6
-18587.2
-18587.6
-18588
-18588.6
-18589.2
-18589.5
-18590
-18590.4
-18590.9
-18591.4
-18592.1
-18592.5
-18592.8
-18593.1
-18593.6
-18594.1
-18594.5
-18594.9
-18595.4
-18595.9
-18596.3
-18596.8
-18597.3
-18597.7
-18598.1
-18598.6
-18599.1
-18599.5
-18600
-18600.5
-18600.9
-18601.4
-18601.5
-18602
-18602.5
-18603
-18603.4
-18603.9
-18604.2
-18604.9
-18605.3
-18605.7
-18606.2
-18606.6
-18607.1
-18607.6
-18608
-18608.3
-18608.8
-18609.3
-18609.7
-18610.2
-18610.6
-18611.1
-18611.6
-18612.1
-18612.5
-18612.7
-18613.2
-18613.7
-18614.3
-18614.6
-18615
-18615.5
-18616.1
-18616.4
-18616.8
-18617.3
-18617.8
-18618.4
-18618.7
-18619.2
-18619.6
-18620.2
-18620.5
-18621
-18621.4
-18622
-18622.3
-18623
-18623.2
-18623.7
-18624.2
-18624.6
-18625.1
-18625.5
-18626
-18626.6
-18626.6
-18627.1
-18627.5
-18628
-18628.4
-18628.9
-18629.3
-18629.8
-18630.2
-18630.7
-18631.1
-18631.6
-18632
-18632.5
-18632.9
-18633.4
-18633.8
-18634.3
-18634.7
-18635.1
-18635.6
-18636.1
-18636.5
-18637
-18637.4
-18637.9
-18638.3
-18638.7
-18639.2
-18639.6
-18640
-18640.6
-18641
-18641.4
-18641.9
-18642.3
-18642.7
-18643.2
-18643.7
-18644.1
-18644.6
-18645
-18645.5
-18645.9
-18646.4
-18646.8
-18647.3
-18647.7
-18648.2
-18648.6
-18649.1
-18649.5
-18649.9
-18650.4
-18650.8
-18651.3
-18651.7
-18652.2
-18652.6
-18653
-18653.5
-18653.8
-18654.4
-18654.8
-18655.2
-18655.7
-18656.1
-18656.5
-18657
-18657.5
-18657.9
-18658.3
-18658.8
-18659.2
-18659.7
-18660.1
-18660.6
-18661
-18661.5
-18661.9
-18662.3
-18662.8
-18663.2
-18663.7
-18664.1
-18664.5
-18665
-18665.4
-18665.8
-18666.3
-18666.7
-18667.2
-18667.6
-18667.9
-18668.3
-18668.8
-18669.2
-18669.6
-18670.1
-18670.5
-18671
-18671.5
-18671.8
-18672.4
-18672.7
-18673.2
-18673.7
-18674
-18674.5
-18675
-18675.4
-18675.9
-18676.3
-18676.7
-18677.2
-18677.5
-18677.9
-18678.3
-18678.8
-18679.2
-18679.7
-18680.1
-18680.5
-18681
-18681.4
-18681.9
-18682.3
-18682.7
-18683.2
-18683.6
-18684
-18684.5
-18685
-18685.4
-18685.8
-18686.3
-18686.7
-18687.1
-18687.6
-18688
-18688.4
-18688.9
-18689.3
-18689.8
-18690.2
-18690.6
-18691.1
-18691.5
-18692
-18692.4
-18692.8
-18693.2
-18693.7
-18694.1
-18694.5
-18695
-18695.4
-18695.9
-18696.2
-18696.8
-18697.2
-18697.6
-18698
-18698.5
-18698.9
-18699.4
-18699.8
-18700.2
-18700.6
-18701
-18701.5
-18702
-18702.3
-18702.9
-18703.3
-18703.8
-18704.2
-18704.6
-18705
-18705.4
-18705.9
-18706.3
-18706.8
-18707.2
-18707.6
-18708.1
-18708.5
-18708.9
-18709.3
-18709.8
-18710.2
-18710.3
-18710.8
-18711.2
-18711.7
-18712
-18712.5
-18713
-18713.4
-18713.8
-18714.3
-18714.7
-18715.1
-18715.6
-18715.9
-18716.5
-18716.9
-18717.2
-18717.7
-18718.2
-18718.6
-18719
-18719.4
-18719.9
-18720.3
-18720.6
-18721.2
-18721.5
-18722
-18722.4
-18722.9
-18723.2
-18723.7
-18724.1
-18724.6
-18725
-18725.4
-18725.9
-18726.3
-18726.6
-18727.2
-18727.6
-18728
-18728.4
-18728.9
-18729.3
-18729.7
-18730.1
-18730.6
-18731
-18731.4
-18731.8
-18732.2
-18732.7
-18733
-18733.6
-18733.9
-18734.4
-18734.8
-18735.2
-18735.7
-18736.1
-18736.5
-18736.9
-18737.3
-18737.8
-18738.2
-18738.6
-18739.1
-18739.5
-18739.9
-18740.3
-18740.7
-18741.2
-18741.6
-18742
-18742.4
-18742.8
-18743.3
-18743.7
-18744.1
-18744.5
-18745
-18745.4
-18745.8
-18746.2
-18746.6
-18747.1
-18747.5
-18747.9
-18748.4
-18748.8
-18749.2
-18749.6
-18750.1
-18750.5
-18750.9
-18751.4
-18751.8
-18752.2
-18752.6
-18753.1
-18753.5
-18753.8
-18754.3
-18754.7
-18755.2
-18755.6
-18756
-18756.5
-18756.9
-18757.3
-18757.6
-18758.1
-18758.5
-18758.9
-18759.4
-18759.8
-18760.2
-18760.6
-18761.1
-18761.5
-18761.9
-18762.4
-18762.8
-18763.2
-18763.6
-18764
-18764.4
-18764.9
-18765.3
-18765.7
-18766.1
-18766.5
-18767
-18767.4
-18767.8
-18768.2
-18768.7
-18769.1
-18769.5
-18769.8
-18770.3
-18770.6
-18771
-18771.5
-18771.9
-18772.3
-18772.7
-18773.2
-18773.6
-18774
-18774.4
-18774.9
-18775.3
-18775.7
-18776.1
-18776.6
-18777
-18777.4
-18777.8
-18778.2
-18778.7
-18779
-18779.5
-18779.9
-18780.4
-18780.8
-18781.2
-18781.6
-18782
-18782.4
-18782.9
-18783.3
-18783.6
-18784.1
-18784.5
-18785
-18785.3
-18785.8
-18786.2
-18786.7
-18787
-18787.4
-18787.8
-18788.2
-18788.7
-18789.1
-18789.5
-18789.9
-18790.3
-18790.7
-18791.2
-18791.5
-18792
-18792.4
-18792.8
-18793.2
-18793.6
-18794
-18794.5
-18794.9
-18795.3
-18795.7
-18796.1
-18796.5
-18797
-18797.4
-18797.8
-18798.2
-18798.6
-18799
-18799.4
-18799.8
-18800.2
-18800.7
-18801.1
-18801.4
-18801.9
-18802.3
-18802.7
-18803.1
-18803.5
-18803.9
-18804.4
-18804.8
-18805.2
-18805.5
-18806
-18806.4
-18806.8
-18807.2
-18807.6
-18808
-18808.3
-18808.6
-18809
-18809.4
-18809.9
-18810.3
-18810.7
-18811.1
-18811.5
-18811.9
-18812.3
-18812.7
-18813.1
-18813.6
-18814
-18814.4
-18814.8
-18815.2
-18815.6
-18816
-18816.4
-18816.8
-18817.2
-18817.6
-18818
-18818.4
-18818.8
-18819.2
-18819.6
-18820
-18820.5
-18820.9
-18821.3
-18821.7
-18822.1
-18822.5
-18822.9
-18823.3
-18823.7
-18824.1
-18824.5
-18824.9
-18825.3
-18825.8
-18826.2
-18826.6
-18827
-18827.4
-18827.8
-18828.3
-18828.7
-18829.1
-18829.6
-18829.9
-18830.3
-18830.8
-18831.1
-18831.4
-18831.9
-18832.3
-18832.7
-18833.1
-18833.5
-18834
-18834.4
-18834.8
-18835.2
-18835.6
-18836
-18836.4
-18836.8
-18837.2
-18837.6
-18838
-18838.5
-18838.9
-18839.3
-18839.7
-18840.3
-18840.6
-18840.9
-18841.3
-18841.8
-18842.1
-18842.5
-18842.9
-18843.3
-18843.8
-18844.2
-18844.6
-18845
-18845.4
-18845.8
-18846.2
-18846.6
-18847
-18847.4
-18847.9
-18848.2
-18848.6
-18849
-18849.4
-18849.8
-18850.2
-18850.7
-18851.1
-18851.4
-18851.8
-18852.2
-18852.7
-18853.1
-18853.5
-18853.9
-18854.3
-18854.7
-18855.2
-18855.5
-18856
-18856.5
-18856.8
-18857.2
-18857.5
-18857.9
-18858.3
-18858.8
-18859.2
-18859.6
-18860
-18860.6
-18860.8
-18861.1
-18861.6
-18861.9
-18862.3
-18862.7
-18863.1
-18863.5
-18864
-18864.5
-18864.7
-18865.1
-18865.6
-18866
-18866.4
-18866.8
-18867.2
-18867.6
-18868
-18868.3
-18868.7
-18869.1
-18869.5
-18869.9
-18870.3
-18870.7
-18871.1
-18871.5
-18871.9
-18872.3
-18872.7
-18873.2
-18873.5
-18873.9
-18874.3
-18874.7
-18875.1
-18875.5
-18876
-18876.3
-18876.7
-18877.1
-18877.5
-18878.1
-18878.1
-18878.5
-18878.8
-18879.2
-18879.6
-18880.1
-18880.4
-18880.8
-18881.2
-18881.6
-18881.9
-18882.3
-18882.7
-18883.2
-18883.5
-18884
-18884.3
-18884.7
-18885.1
-18885.5
-18885.9
-18886.3
-18886.7
-18887.1
-18887.5
-18887.9
-18888.3
-18888.7
-18889.1
-18889.5
-18889.9
-18890.3
-18890.6
-18891
-18891.4
-18891.7
-18892.2
-18892.6
-18892.9
-18893.4
-18893.8
-18894.2
-18894.6
-18895
-18895.3
-18895.7
-18896.1
-18896.5
-18896.9
-18897.3
-18897.7
-18898.1
-18898.4
-18898.9
-18899.3
-18899.7
-18900
-18900.5
-18900.9
-18901.2
-18901.7
-18902
-18902.4
-18902.8
-18903.2
-18903.6
-18904
-18904.4
-18904.7
-18905.2
-18905.6
-18905.9
-18906.4
-18906.7
-18907.2
-18907.5
-18907.9
-18908.4
-18908.7
-18909.1
-18909.5
-18909.9
-18910.3
-18910.7
-18911.1
-18911.5
-18911.8
-18912.2
-18912.6
-18913
-18913.4
-18913.8
-18914.2
-18914.5
-18915
-18915.3
-18915.7
-18916.1
-18916.5
-18916.9
-18917.3
-18917.7
-18918.1
-18918.5
-18918.9
-18919.3
-18919.7
-18920
-18920.4
-18920.8
-18921.2
-18921.6
-18922
-18922.4
-18922.8
-18923.1
-18923.6
-18923.9
-18924.4
-18924.7
-18925.1
-18925.5
-18925.9
-18926.3
-18926.7
-18927.1
-18927.4
-18927.8
-18928.2
-18928.6
-18928.9
-18929.4
-18929.8
-18930.2
-18930.5
-18931
-18931.3
-18931.7
-18932.1
-18932.4
-18932.8
-18933.3
-18933.6
-18934
-18934.4
-18934.8
-18935.2
-18935.6
-18936
-18936.4
-18936.8
-18937.1
-18937.5
-18937.9
-18938.3
-18938.6
-18939
-18939.4
-18939.8
-18940.2
-18940.5
-18940.9
-18941.3
-18941.7
-18942.1
-18942.5
-18942.9
-18943.2
-18943.6
-18944
-18944.4
-18944.8
-18945.2
-18945.5
-18945.9
-18946.3
-18946.7
-18947.1
-18947.5
-18947.9
-18948.2
-18948.6
-18949
-18949.4
-18949.8
-18950.2
-18950.5
-18950.9
-18951.3
-18951.7
-18952.1
-18952.5
-18952.8
-18953.2
-18953.6
-18953.9
-18954.3
-18954.7
-18955.1
-18955.5
-18955.9
-18956.2
-18956.6
-18957
-18957.4
-18957.7
-18958.1
-18958.5
-18958.9
-18959.3
-18959.7
-18960.1
-18960.4
-18960.8
-18961.1
-18961.5
-18961.8
-18962.2
-18962.6
-18963
-18963.4
-18963.8
-18964.2
-18964.5
-18964.9
-18965.3
-18965.7
-18966.1
-18966.4
-18966.8
-18967.2
-18967.6
-18967.9
-18968.3
-18968.7
-18969.1
-18969.5
-18969.9
-18970.2
-18970.6
-18971
-18971.4
-18971.8
-18972.1
-18972.5
-18972.9
-18973.3
-18973.7
-18974
-18974.4
-18974.8
-18975.2
-18975.6
-18975.9
-18976.3
-18976.7
-18977.1
-18977.5
-18977.8
-18978.2
-18978.6
-18979
-18979.4
-18979.8
-18980.1
-18980.5
-18980.9
-18981.2
-18981.6
-18982
-18982.4
-18982.8
-18983.1
-18983.4
-18983.8
-18984.2
-18984.6
-18984.9
-18985.3
-18985.7
-18986.1
-18986.4
-18986.8
-18987.2
-18987.6
-18988
-18988.3
-18988.7
-18989.1
-18989.5
-18989.8
-18990.2
-18990.6
-18991
-18991.3
-18991.7
-18992.1
-18992.5
-18992.9
-18993.2
-18993.6
-18994
-18994.4
-18994.7
-18995.1
-18995.5
-18995.9
-18996.2
-18996.6
-18997
-18997.4
-18997.8
-18998.1
-18998.5
-18998.9
-18999.3
-18999.7
-19000
-19000.4
-19000.8
-19001.1
-19001.5
-19001.9
-19002.3
-19002.6
-19003
-19003.4
-19003.8
-19004.2
-19004.5
-19004.9
-19005.3
-19005.7
-19005.7
-19006.1
-19006.5
-19006.8
-19007.2
-19007.6
-19008
-19008.3
-19008.7
-19009.1
-19009.5
-19009.8
-19010.2
-19010.6
-19010.9
-19011.3
-19011.7
-19012.1
-19012.4
-19012.8
-19013.2
-19013.5
-19013.9
-19014.3
-19014.7
-19015
-19015.4
-19015.8
-19016.1
-19016.5
-19016.9
-19017.3
-19017.6
-19018
-19018.4
-19018.7
-19019.1
-19019.5
-19019.8
-19020.2
-19020.6
-19021
-19021.3
-19021.7
-19022.1
-19022.4
-19022.8
-19023.2
-19023.5
-19023.9
-19024.3
-19024.7
-19025
-19025.4
-19025.8
-19026.1
-19026.5
-19026.9
-19027.2
-19027.6
-19028
-19028.4
-19028.7
-19029.1
-19029.5
-19029.8
-19030.2
-19030.6
-19030.9
-19031.3
-19031.7
-19032.1
-19032.4
-19032.8
-19033.2
-19033.5
-19033.9
-19034.3
-19034.6
-19035
-19035.4
-19035.7
-19036.1
-19036.5
-19036.8
-19037.2
-19037.6
-19038
-19038.3
-19038.7
-19039.1
-19039.4
-19039.8
-19040.2
-19040.5
-19040.9
-19041.3
-19041.6
-19042
-19042.4
-19042.7
-19043.1
-19043.5
-19043.8
-19044.2
-19044.6
-19044.9
-19045.3
-19045.7
-19046
-19046.4
-19046.8
-19047.1
-19047.5
-19047.9
-19048.2
-19048.6
-19049
-19049.3
-19049.7
-19050.1
-19050.4
-19050.8
-19051.2
-19051.5
-19051.9
-19052.3
-19052.6
-19053
-19053.4
-19053.7
-19054.1
-19054.5
-19054.8
-19055.2
-19055.6
-19055.9
-19056.3
-19056.7
-19057
-19057.4
-19057.8
-19058.1
-19058.5
-19058.9
-19059.2
-19059.6
-19060
-19060.3
-19060.7
-19061
-19061.4
-19061.8
-19062.1
-19062.5
-19062.9
-19063.2
-19063.6
-19064
-19064.3
-19064.7
-19065.1
-19065.4
-19065.8
-19066.2
-19066.5
-19066.9
-19067.3
-19067.6
-19067.9
-19068.3
-19068.7
-19069
-19069.4
-19069.8
-19070.1
-19070.5
-19070.9
-19071.2
-19071.6
-19071.9
-19072.3
-19072.7
-19073
-19073.4
-19073.7
-19073.9
-19074.3
-19074.7
-19075
-19075.4
-19075.8
-19076.1
-19076.5
-19076.8
-19077.2
-19077.6
-19077.9
-19078.3
-19078.7
-19079
-19079.4
-19079.8
-19080.1
-19080.5
-19080.9
-19081.2
-19081.6
-19082
-19082.3
-19082.7
-19083
-19083.4
-19083.8
-19084.1
-19084.5
-19084.9
-19085.2
-19085.6
-19085.9
-19086.3
-19086.7
-19087
-19087.4
-19087.7
-19088.1
-19088.5
-19088.9
-19089.1
-19089.5
-19089.9
-19090.2
-19090.6
-19090.9
-19091.2
-19091.6
-19092
-19092.3
-19092.7
-19093
-19093.4
-19093.7
-19094.1
-19094.5
-19094.8
-19095.2
-19095.5
-19095.9
-19096.2
-19096.6
-19097
-19097.3
-19097.7
-19098
-19098.4
-19098.7
-19099.1
-19099.5
-19099.8
-19100.2
-19100.5
-19100.8
-19101.2
-19101.6
-19101.9
-19102.3
-19102.6
-19103
-19103.3
-19103.6
-19104.1
-19104.4
-19104.8
-19105.1
-19105.5
-19105.8
-19106.2
-19106.5
-19106.9
-19107.3
-19107.8
-19108
-19108.3
-19108.7
-19109
-19109.4
-19109.8
-19110.1
-19110.5
-19110.8
-19111.2
-19111.5
-19111.9
-19112.2
-19112.6
-19113
-19113
-19113.4
-19113.8
-19114.1
-19114.5
-19114.8
-19115.2
-19115.5
-19115.9
-19116.2
-19116.6
-19116.9
-19117.4
-19117.5
-19117.8
-19118.2
-19118.5
-19118.9
-19119.2
-19119.6
-19119.9
-19120.3
-19120.6
-19121
-19121.3
-19121.7
-19122.1
-19122.4
-19122.8
-19123.1
-19123.5
-19123.8
-19124.2
-19124.6
-19124.9
-19125.3
-19125.6
-19126
-19126.3
-19126.7
-19127
-19127.4
-19127.7
-19128.1
-19128.4
-19128.8
-19129.1
-19129.5
-19129.8
-19130.2
-19130.5
-19130.9
-19131.2
-19131.5
-19131.9
-19132.2
-19132.6
-19132.9
-19133.3
-19133.6
-19134
-19134.3
-19134.7
-19135
-19135.4
-19135.8
-19136.1
-19136.5
-19136.8
-19137.2
-19137.5
-19137.9
-19138.2
-19138.6
-19138.9
-19139.3
-19139.7
-19140
-19140.4
-19140.7
-19141.1
-19141.4
-19141.8
-19142.1
-19142.5
-19142.8
-19143.2
-19143.5
-19143.9
-19144.2
-19144.6
-19144.9
-19145.3
-19145.6
-19146
-19146.3
-19146.7
-19147
-19147.4
-19147.7
-19148.2
-19148.4
-19148.8
-19149.1
-19149.5
-19149.8
-19150.2
-19150.5
-19150.9
-19151.2
-19151.6
-19151.9
-19152.3
-19152.6
-19152.9
-19153.3
-19153.6
-19154
-19154.4
-19154.7
-19155.1
-19155.4
-19155.8
-19156.1
-19156.5
-19156.8
-19157.1
-19157.5
-19157.8
-19158.2
-19158.5
-19158.9
-19159.2
-19159.6
-19159.9
-19160.3
-19160.6
-19161
-19161.3
-19161.6
-19162
-19162.3
-19162.7
-19163
-19163.4
-19163.7
-19164
-19164.4
-19164.7
-19165
-19165.4
-19165.7
-19166.1
-19166.4
-19166.8
-19167.1
-19167.6
-19167.7
-19168
-19168.4
-19168.7
-19169
-19169.3
-19169.7
-19170
-19170.4
-19170.7
-19171
-19171.4
-19171.7
-19172.1
-19172.4
-19172.8
-19173.1
-19173.5
-19173.8
-19174.2
-19174.6
-19174.9
-19175.1
-19175.5
-19175.8
-19176.2
-19176.5
-19176.9
-19177.2
-19177.5
-19177.9
-19178.2
-19178.6
-19178.9
-19179.3
-19179.6
-19179.9
-19180.3
-19180.6
-19181
-19181.3
-19181.7
-19182
-19182.3
-19182.7
-19183
-19183.4
-19183.7
-19184
-19184.4
-19184.7
-19185.1
-19185.4
-19185.8
-19186.1
-19186.4
-19186.8
-19187.1
-19187.5
-19187.8
-19188.1
-19188.5
-19188.8
-19189.2
-19189.5
-19189.9
-19190.2
-19190.5
-19190.9
-19191.2
-19191.6
-19191.9
-19192.3
-19192.6
-19193
-19193.3
-19193.6
-19194
-19194.3
-19194.7
-19195
-19195.3
-19195.7
-19196
-19196.4
-19196.7
-19197.1
-19197.4
-19197.7
-19198.1
-19198.4
-19198.8
-19199.1
-19199.4
-19199.8
-19200.1
-19200.5
-19200.8
-19201.1
-19201.5
-19201.8
-19202.2
-19202.5
-19202.8
-19203.2
-19203.5
-19203.9
-19204.2
-19204.5
-19204.9
-19205.2
-19205.5
-19205.9
-19206.3
-19206.6
-19206.9
-19207.3
-19207.6
-19208
-19208.3
-19208.6
-19209
-19209.3
-19209.7
-19210
-19210.3
-19210.7
-19211
-19211.4
-19211.7
-19212
-19212.4
-19212.7
-19213.1
-19213.4
-19213.7
-19214.1
-19214.4
-19214.7
-19215.1
-19215.4
-19215.8
-19216.1
-19216.4
-19216.8
-19217.1
-19217.5
-19217.8
-19218.1
-19218.5
-19218.8
-19219.1
-19219.5
-19219.8
-19220.1
-19220.5
-19220.8
-19221.1
-19221.5
-19221.8
-19222.1
-19222.5
-19222.8
-19223.2
-19223.5
-19223.8
-19224.2
-19224.5
-19224.9
-19225.2
-19225.3
-19225.7
-19226
-19226.3
-19226.7
-19227
-19227.3
-19227.7
-19228
-19228.3
-19228.7
-19229
-19229.3
-19229.7
-19230
-19230.3
-19230.7
-19231
-19231.3
-19231.7
-19232
-19232.3
-19232.6
-19233
-19233.3
-19233.6
-19234
-19234.3
-19234.6
-19235
-19235.3
-19235.6
-19236
-19236.3
-19236.6
-19237
-19237.3
-19237.6
-19238
-19238.3
-19238.6
-19238.9
-19239.3
-19239.6
-19239.9
-19240.3
-19240.6
-19240.9
-19241.3
-19241.6
-19241.9
-19242.3
-19242.6
-19242.9
-19243.2
-19243.6
-19243.9
-19244.3
-19244.6
-19244.9
-19245.2
-19245.5
-19245.9
-19246.2
-19246.6
-19246.9
-19247.2
-19247.6
-19247.9
-19248.3
-19248.6
-19248.9
-19249.2
-19249.6
-19249.9
-19250.2
-19250.6
-19250.9
-19251.2
-19251.5
-19251.9
-19252.2
-19252.5
-19252.9
-19253.2
-19253.5
-19253.9
-19254.2
-19254.6
-19254.9
-19255.2
-19255.5
-19255.9
-19256.2
-19256.5
-19256.9
-19257.2
-19257.5
-19257.9
-19258.2
-19258.5
-19258.8
-19259.2
-19259.5
-19259.9
-19260.1
-19260.5
-19260.8
-19261.2
-19261.5
-19261.8
-19262.2
-19262.5
-19262.8
-19263.1
-19263.5
-19263.8
-19264.1
-19264.5
-19264.8
-19265.1
-19265.5
-19265.8
-19266.1
-19266.5
-19266.8
-19267.1
-19267.4
-19267.8
-19268.1
-19268.4
-19268.8
-19269.1
-19269.4
-19269.7
-19270.1
-19270.4
-19270.7
-19271.1
-19271.4
-19271.7
-19272.1
-19272.4
-19272.7
-19273
-19273.4
-19273.7
-19273.9
-19274.3
-19274.6
-19274.9
-19275.3
-19275.6
-19275.9
-19276.2
-19276.6
-19276.9
-19277.2
-19277.6
-19277.9
-19278.2
-19278.5
-19278.9
-19279.2
-19279.5
-19279.8
-19280.2
-19280.5
-19280.8
-19281.1
-19281.5
-19281.8
-19282.1
-19282.5
-19282.8
-19283.1
-19283.4
-19283.8
-19284.1
-19284.4
-19284.7
-19285.1
-19285.4
-19285.7
-19286
-19286.4
-19286.7
-19287
-19287.3
-19287.7
-19288
-19288.3
-19288.6
-19289
-19289.3
-19289.6
-19289.9
-19290.2
-19290.6
-19290.9
-19291.3
-19291.6
-19291.9
-19292.2
-19292.6
-19292.9
-19293.2
-19293.5
-19293.9
-19294.2
-19294.5
-19294.8
-19295.2
-19295.5
-19295.8
-19296.2
-19296.4
-19296.8
-19297.1
-19297.4
-19297.7
-19298
-19298.4
-19298.7
-19299
-19299.3
-19299.6
-19300
-19300.3
-19300.7
-19301
-19301.3
-19301.6
-19301.9
-19302.3
-19302.6
-19302.9
-19303.2
-19303.5
-19303.9
-19304.2
-19304.5
-19304.8
-19305.2
-19305.5
-19305.8
-19306.1
-19306.5
-19306.8
-19307.1
-19307.4
-19307.7
-19308
-19308.4
-19308.7
-19309
-19309.4
-19309.7
-19310
-19310.3
-19310.6
-19311
-19311.3
-19311.6
-19311.9
-19312.3
-19312.6
-19312.9
-19313.2
-19313.5
-19313.9
-19314.2
-19314.5
-19314.8
-19315.1
-19315.5
-19315.8
-19316.1
-19316.4
-19316.7
-19317.1
-19317.4
-19317.7
-19318
-19318.3
-19318.7
-19319
-19319.3
-19319.6
-19320
-19320.3
-19320.6
-19320.9
-19321.2
-19321.6
-19321.9
-19322.2
-19322.5
-19322.7
-19323.1
-19323.4
-19323.7
-19324
-19324.3
-19324.7
-19325
-19325.3
-19325.6
-19326
-19326.3
-19326.6
-19326.9
-19327.2
-19327.4
-19327.8
-19328.1
-19328.5
-19328.7
-19329.1
-19329.4
-19329.7
-19330.1
-19330.3
-19330.7
-19331
-19331.3
-19331.7
-19332
-19332.3
-19332.6
-19332.9
-19333.3
-19333.6
-19333.9
-19334.2
-19334.5
-19334.9
-19335.2
-19335.5
-19335.8
-19336.1
-19336.5
-19336.8
-19337.1
-19337.4
-19337.7
-19338.1
-19338.4
-19338.7
-19339
-19339.3
-19339.6
-19339.9
-19340.2
-19340.6
-19340.8
-19341
-19341.4
-19341.7
-19342
-19342.3
-19342.6
-19342.9
-19343.3
-19343.6
-19343.9
-19344.2
-19344.5
-19344.8
-19345.2
-19345.5
-19345.8
-19346.1
-19346.4
-19346.7
-19347
-19347.4
-19347.7
-19348
-19348.3
-19348.6
-19348.9
-19349.2
-19349.6
-19349.9
-19350.2
-19350.5
-19350.8
-19351.2
-19351.5
-19351.8
-19352.1
-19352.4
-19352.7
-19353
-19353.3
-19353.7
-19354
-19354.3
-19354.5
-19354.9
-19355.2
-19355.5
-19355.8
-19356.1
-19356.4
-19356.8
-19357.1
-19357.4
-19357.7
-19358
-19358.4
-19358.7
-19359
-19359.3
-19359.6
-19359.9
-19360.2
-19360.6
-19360.9
-19361.2
-19361.5
-19361.8
-19362.1
-19362.4
-19362.8
-19363.1
-19363.4
-19363.7
-19364
-19364.3
-19364.7
-19365
-19365.3
-19365.6
-19365.9
-19366.2
-19366.5
-19366.8
-19367.1
-19367.5
-19367.8
-19368.1
-19368.4
-19368.7
-19369
-19369.3
-19369.6
-19370
-19370.3
-19370.6
-19370.9
-19371.2
-19371.5
-19371.8
-19372.1
-19372.5
-19372.8
-19373.1
-19373.4
-19373.7
-19374
-19374.3
-19374.6
-19374.9
-19375.2
-19375.6
-19375.9
-19376.2
-19376.5
-19376.8
-19377.1
-19377.4
-19377.7
-19378
-19378.3
-19378.7
-19379
-19379.3
-19379.6
-19379.9
-19380.2
-19380.6
-19380.9
-19381.2
-19381.5
-19381.8
-19382.1
-19382.4
-19382.7
-19383.1
-19383.4
-19383.7
-19384
-19384.3
-19384.6
-19384.9
-19385.2
-19385.5
-19385.8
-19386.1
-19386.4
-19386.7
-19387.1
-19387.3
-19387.6
-19388
-19388.3
-19388.6
-19388.9
-19389.2
-19389.5
-19389.9
-19390.2
-19390.5
-19390.8
-19391.1
-19391.4
-19391.7
-19392
-19392.3
-19392.6
-19392.9
-19393.2
-19393.5
-19393.9
-19394.2
-19394.5
-19394.8
-19395.1
-19395.4
-19395.7
-19396
-19396.3
-19396.6
-19397
-19397.3
-19397.6
-19397.9
-19398.2
-19398.5
-19398.8
-19399.1
-19399.4
-19399.8
-19400.1
-19400.4
-19400.7
-19401
-19401.3
-19401.6
-19401.9
-19402.2
-19402.5
-19402.8
-19403.1
-19403.4
-19403.7
-19404
-19404.3
-19404.6
-19405
-19405.3
-19405.6
-19405.9
-19406.2
-19406.5
-19406.8
-19407.1
-19407.4
-19407.7
-19408
-19408.3
-19408.6
-19408.9
-19409.2
-19409.6
-19409.9
-19410.2
-19410.5
-19410.8
-19411.1
-19411.4
-19411.7
-19412
-19412.3
-19412.6
-19412.9
-19413.2
-19413.5
-19413.8
-19414.1
-19414.4
-19414.7
-19415
-19415.3
-19415.6
-19415.9
-19416.2
-19416.6
-19416.9
-19417.2
-19417.5
-19417.8
-19418.1
-19418.4
-19418.7
-19419
-19419.3
-19419.6
-19419.9
-19420.2
-19420.5
-19420.8
-19421.1
-19421.4
-19421.7
-19422
-19422.3
-19422.6
-19422.9
-19423.2
-19423.6
-19423.9
-19424.2
-19424.5
-19424.8
-19425.1
-19425.4
-19425.7
-19425.9
-19426.3
-19426.5
-19426.9
-19427.2
-19427.5
-19427.8
-19428.1
-19428.4
-19428.7
-19429
-19429.3
-19429.6
-19429.9
-19430.2
-19430.5
-19430.8
-19431.1
-19431.4
-19431.7
-19432
-19432.3
-19432.6
-19432.9
-19433.3
-19433.6
-19433.9
-19434.2
-19434.5
-19434.8
-19435.1
-19435.4
-19435.7
-19436
-19436.3
-19436.6
-19436.9
-19437.2
-19437.5
-19437.8
-19438.1
-19438.4
-19438.7
-19439
-19439.3
-19439.6
-19439.9
-19440.2
-19440.5
-19440.8
-19441.1
-19441.4
-19441.7
-19442
-19442.3
-19442.6
-19442.9
-19443.2
-19443.5
-19443.8
-19444.1
-19444.4
-19444.7
-19445
-19445.3
-19445.6
-19445.9
-19446.2
-19446.5
-19446.8
-19447.1
-19447.4
-19447.7
-19448
-19448.3
-19448.6
-19448.9
-19449.2
-19449.5
-19449.8
-19450.1
-19450.4
-19450.7
-19451
-19451.3
-19451.6
-19451.9
-19452.2
-19452.5
-19452.8
-19453.1
-19453.4
-19453.7
-19454
-19454.3
-19454.6
-19454.9
-19455.2
-19455.5
-19455.8
-19456.1
-19456.4
-19456.7
-19457
-19457.3
-19457.6
-19457.9
-19458.2
-19458.5
-19458.8
-19459.1
-19459.4
-19459.7
-19460
-19460.3
-19460.6
-19460.9
-19461.2
-19461.5
-19461.8
-19462.1
-19462.4
-19462.7
-19463
-19463.3
-19463.6
-19463.9
-19464.2
-19464.5
-19464.7
-19465.1
-19465.4
-19465.7
-19466
-19466.3
-19466.6
-19466.9
-19467.2
-19467.5
-19467.8
-19468.1
-19468.4
-19468.7
-19469
-19469.3
-19469.6
-19469.8
-19470.2
-19470.4
-19470.7
-19471
-19471.3
-19471.6
-19471.9
-19472.2
-19472.5
-19472.8
-19473.1
-19473.4
-19473.7
-19474
-19474.3
-19474.6
-19474.9
-19475.2
-19475.5
-19475.8
-19476.1
-19476.4
-19476.7
-19477
-19477.3
-19477.6
-19477.9
-19478.2
-19478.5
-19478.7
-19479.1
-19479.3
-19479.6
-19479.9
-19480.2
-19480.5
-19480.8
-19481.1
-19481.4
-19481.7
-19482
-19482.3
-19482.6
-19482.9
-19483.2
-19483.5
-19483.8
-19484.1
-19484.4
-19484.7
-19485
-19485.2
-19485.5
-19485.8
-19486.1
-19486.4
-19486.7
-19487
-19487.3
-19487.6
-19487.9
-19488.2
-19488.5
-19488.8
-19489.1
-19489.4
-19489.7
-19490
-19490.3
-19490.6
-19490.9
-19491.2
-19491.5
-19491.8
-19492.1
-19492.4
-19492.6
-19492.9
-19493.2
-19493.5
-19493.8
-19494.1
-19494.4
-19494.7
-19494.9
-19495.2
-19495.6
-19495.8
-19496.1
-19496.4
-19496.7
-19497
-19497.3
-19497.6
-19497.9
-19498.2
-19498.5
-19498.8
-19499.1
-19499.4
-19499.7
-19500
-19500.2
-19500.5
-19500.8
-19501.1
-19501.4
-19501.7
-19502
-19502.3
-19502.6
-19502.9
-19503.2
-19503.5
-19503.8
-19504.1
-19504.4
-19504.7
-19505
-19505.3
-19505.5
-19505.8
-19506.1
-19506.4
-19506.7
-19507
-19507.3
-19507.6
-19507.9
-19508.2
-19508.5
-19508.7
-19509
-19509.3
-19509.6
-19509.9
-19510.2
-19510.5
-19510.8
-19511.1
-19511.4
-19511.7
-19512
-19512.3
-19512.5
-19512.8
-19513
-19513.3
-19513.6
-19513.9
-19514.2
-19514.5
-19514.8
-19515.1
-19515.4
-19515.7
-19516
-19516.3
-19516.5
-19516.8
-19517.1
-19517.4
-19517.7
-19518
-19518.3
-19518.6
-19518.9
-19519.2
-19519.5
-19519.7
-19520
-19520.3
-19520.6
-19520.9
-19521.2
-19521.5
-19521.8
-19522.1
-19522.3
-19522.6
-19522.9
-19523.1
-19523.5
-19523.8
-19524.1
-19524.4
-19524.7
-19525
-19525.3
-19525.6
-19525.8
-19526.1
-19526.4
-19526.7
-19527
-19527.3
-19527.6
-19527.9
-19528.2
-19528.5
-19528.8
-19529.1
-19529.3
-19529.7
-19529.9
-19530.2
-19530.5
-19530.8
-19531.1
-19531.4
-19531.7
-19531.9
-19532.2
-19532.5
-19532.8
-19533.1
-19533.4
-19533.7
-19534
-19534.2
-19534.5
-19534.8
-19535.1
-19535.4
-19535.7
-19536
-19536.3
-19536.6
-19536.9
-19537.1
-19537.4
-19537.7
-19538
-19538.3
-19538.6
-19538.9
-19539.2
-19539.4
-19539.7
-19540
-19540.3
-19540.6
-19540.9
-19541.2
-19541.5
-19541.7
-19542
-19542.3
-19542.6
-19542.9
-19543.2
-19543.5
-19543.8
-19544
-19544.3
-19544.6
-19544.9
-19545.2
-19545.5
-19545.8
-19546
-19546.3
-19546.6
-19546.9
-19547.2
-19547.5
-19547.8
-19548.1
-19548.3
-19548.6
-19548.9
-19549.2
-19549.5
-19549.8
-19550.1
-19550.3
-19550.6
-19550.9
-19551.2
-19551.5
-19551.8
-19552
-19552.3
-19552.6
-19552.9
-19553.2
-19553.5
-19553.8
-19554
-19554.3
-19554.6
-19554.9
-19555.2
-19555.5
-19555.8
-19556
-19556.3
-19556.6
-19556.9
-19557.2
-19557.5
-19557.8
-19558
-19558.3
-19558.6
-19558.9
-19559.2
-19559.5
-19559.7
-19560
-19560.3
-19560.6
-19560.9
-19561.2
-19561.5
-19561.7
-19562
-19562.3
-19562.6
-19562.9
-19563.2
-19563.4
-19563.7
-19564
-19564.3
-19564.6
-19564.9
-19565.2
-19565.4
-19565.7
-19566
-19566.3
-19566.6
-19566.9
-19567.1
-19567.4
-19567.7
-19568
-19568.3
-19568.6
-19568.8
-19569.1
-19569.4
-19569.7
-19570
-19570.3
-19570.5
-19570.8
-19571.1
-19571.4
-19571.7
-19571.9
-19572.2
-19572.5
-19572.8
-19573.1
-19573.4
-19573.6
-19573.9
-19574.2
-19574.5
-19574.8
-19575
-19575.3
-19575.6
-19575.9
-19576.2
-19576.5
-19576.7
-19577
-19577.3
-19577.6
-19577.9
-19578.1
-19578.4
-19578.7
-19579
-19579.3
-19579.6
-19579.8
-19580.1
-19580.4
-19580.7
-19581
-19581.2
-19581.5
-19581.8
-19582.1
-19582.4
-19582.7
-19582.9
-19583.2
-19583.5
-19583.8
-19584.1
-19584.3
-19584.6
-19584.8
-19585.2
-19585.4
-19585.7
-19586
-19586.3
-19586.5
-19586.9
-19587.2
-19587.5
-19587.7
-19588
-19588.3
-19588.6
-19588.9
-19589.1
-19589.4
-19589.7
-19590
-19590.3
-19590.6
-19590.8
-19591.1
-19591.4
-19591.7
-19592
-19592.2
-19592.5
-19592.8
-19593.1
-19593.3
-19593.6
-19593.9
-19594.2
-19594.5
-19594.7
-19595
-19595.3
-19595.6
-19595.9
-19596.1
-19596.4
-19596.7
-19597
-19597.3
-19597.5
-19597.8
-19598.1
-19598.4
-19598.7
-19598.9
-19599.2
-19599.5
-19599.8
-19600.1
-19600.3
-19600.6
-19600.9
-19601.2
-19601.5
-19601.7
-19602
-19602.3
-19602.6
-19602.9
-19603.1
-19603.4
-19603.7
-19604
-19604.3
-19604.5
-19604.8
-19605.1
-19605.4
-19605.6
-19605.9
-19606.2
-19606.5
-19606.8
-19607
-19607.3
-19607.6
-19607.9
-19608.2
-19608.4
-19608.7
-19609
-19609.3
-19609.5
-19609.8
-19610.1
-19610.4
-19610.7
-19610.9
-19611.2
-19611.5
-19611.8
-19612.1
-19612.3
-19612.6
-19612.9
-19613.2
-19613.4
-19613.7
-19614
-19614.3
-19614.5
-19614.8
-19615.1
-19615.4
-19615.7
-19615.9
-19616.2
-19616.5
-19616.8
-19617
-19617.3
-19617.6
-19617.9
-19618.2
-19618.4
-19618.7
-19619
-19619.2
-19619.6
-19619.8
-19620
-19620.3
-19620.6
-19620.9
-19621.2
-19621.4
-19621.7
-19622
-19622.3
-19622.5
-19622.8
-19623.1
-19623.3
-19623.6
-19623.9
-19624.2
-19624.5
-19624.7
-19625
-19625.3
-19625.6
-19625.8
-19626.1
-19626.4
-19626.7
-19627
-19627.2
-19627.5
-19627.8
-19628.1
-19628.3
-19628.6
-19628.9
-19629.2
-19629.5
-19629.7
-19630
-19630.3
-19630.6
-19630.8
-19631.1
-19631.4
-19631.6
-19631.9
-19632.2
-19632.4
-19632.7
-19633
-19633.2
-19633.5
-19633.8
-19634
-19634.3
-19634.6
-19634.9
-19635.2
-19635.4
-19635.7
-19636
-19636.3
-19636.5
-19636.8
-19637.1
-19637.3
-19637.6
-19637.9
-19638.2
-19638.5
-19638.7
-19639
-19639.3
-19639.6
-19639.8
-19640.1
-19640.4
-19640.7
-19640.9
-19641.2
-19641.5
-19641.8
-19642
-19642.3
-19642.6
-19642.9
-19643.1
-19643.4
-19643.7
-19643.9
-19644.2
-19644.5
-19644.8
-19645
-19645.3
-19645.6
-19645.9
-19646.1
-19646.4
-19646.7
-19647
-19647.2
-19647.5
-19647.7
-19648.1
-19648.3
-19648.6
-19648.9
-19649.1
-19649.4
-19649.6
-19649.9
-19650.2
-19650.5
-19650.8
-19651
-19651.3
-19651.6
-19651.8
-19652.1
-19652.4
-19652.6
-19652.9
-19653.2
-19653.4
-19653.7
-19654
-19654.3
-19654.5
-19654.8
-19655.1
-19655.4
-19655.6
-19655.9
-19656.2
-19656.4
-19656.7
-19657
-19657.3
-19657.5
-19657.8
-19658.1
-19658.3
-19658.6
-19658.9
-19659.2
-19659.4
-19659.7
-19660
-19660.2
-19660.5
-19660.8
-19661.1
-19661.3
-19661.6
-19661.9
-19662.1
-19662.4
-19662.7
-19663
-19663.2
-19663.5
-19663.7
-19664
-19664.3
-19664.6
-19664.9
-19665.1
-19665.4
-19665.7
-19665.9
-19666.2
-19666.5
-19666.8
-19667
-19667.3
-19667.6
-19667.8
-19668.1
-19668.4
-19668.7
-19668.9
-19669.2
-19669.5
-19669.7
-19670
-19670.3
-19670.5
-19670.8
-19671.1
-19671.4
-19671.6
-19671.9
-19672.2
-19672.4
-19672.7
-19673
-19673.3
-19673.5
-19673.8
-19674.1
-19674.3
-19674.6
-19674.9
-19675.1
-19675.4
-19675.7
-19675.9
-19676.2
-19676.5
-19676.7
-19677
-19677.3
-19677.6
-19677.8
-19678.1
-19678.4
-19678.6
-19678.9
-19679.2
-19679.4
-19679.7
-19680
-19680.3
-19680.5
-19680.8
-19681.1
-19681.3
-19681.6
-19681.9
-19682.1
-19682.4
-19682.7
-19682.9
-19683.2
-19683.5
-19683.7
-19684
-19684.3
-19684.6
-19684.8
-19685.1
-19685.4
-19685.6
-19685.9
-19686.2
-19686.4
-19686.7
-19687
-19687.2
-19687.5
-19687.8
-19688
-19688.3
-19688.6
-19688.8
-19689.1
-19689.4
-19689.6
-19689.9
-19690.2
-19690.4
-19690.7
-19691
-19691.2
-19691.5
-19691.8
-19692
-19692.3
-19692.6
-19692.8
-19693.1
-19693.4
-19693.6
-19693.9
-19694.2
-19694.4
-19694.7
-19695
-19695.2
-19695.5
-19695.8
-19696
-19696.3
-19696.6
-19696.8
-19697.1
-19697.3
-19697.6
-19697.9
-19698.1
-19698.4
-19698.7
-19699
-19699.2
-19699.5
-19699.7
-19700
-19700.3
-19700.5
-19700.8
-19701.1
-19701.4
-19701.6
-19701.9
-19702.2
-19702.4
-19702.7
-19703
-19703.2
-19703.5
-19703.8
-19704
-19704.3
-19704.6
-19704.8
-19705.1
-19705.4
-19705.6
-19705.9
-19706.1
-19706.4
-19706.7
-19706.9
-19707.2
-19707.5
-19707.7
-19708
-19708.3
-19708.5
-19708.8
-19709
-19709.3
-19709.6
-19709.8
-19710.1
-19710.3
-19710.6
-19710.9
-19711.1
-19711.4
-19711.7
-19712
-19712.2
-19712.5
-19712.8
-19713
-19713.3
-19713.6
-19713.8
-19714.1
-19714.3
-19714.6
-19714.9
-19715.1
-19715.4
-19715.7
-19715.9
-19716.2
-19716.5
-19716.7
-19717
-19717.2
-19717.5
-19717.8
-19718
-19718.3
-19718.6
-19718.8
-19719.1
-19719.3
-19719.6
-19719.9
-19720.2
-19720.4
-19720.7
-19720.9
-19721.2
-19721.5
-19721.7
-19722
-19722.2
-19722.5
-19722.8
-19723
-19723.3
-19723.5
-19723.8
-19724.1
-19724.3
-19724.6
-19724.9
-19725.1
-19725.4
-19725.7
-19725.9
-19726.2
-19726.4
-19726.7
-19726.9
-19727.3
-19727.5
-19727.8
-19728.1
-19728.3
-19728.6
-19728.9
-19729.1
-19729.4
-19729.6
-19729.9
-19730.2
-19730.4
-19730.7
-19731
-19731.2
-19731.5
-19731.7
-19732
-19732.3
-19732.5
-19732.8
-19733.1
-19733.3
-19733.6
-19733.8
-19734.1
-19734.4
-19734.6
-19734.9
-19735.2
-19735.4
-19735.7
-19735.9
-19736.2
-19736.4
-19736.7
-19736.9
-19737.2
-19737.5
-19737.7
-19738
-19738.2
-19738.5
-19738.7
-19739
-19739.3
-19739.5
-19739.8
-19740
-19740.3
-19740.6
-19740.8
-19741.1
-19741.4
-19741.6
-19741.9
-19742.1
-19742.4
-19742.7
-19742.9
-19743.2
-19743.4
-19743.7
-19744
-19744.2
-19744.5
-19744.8
-19745
-19745.3
-19745.5
-19745.8
-19746.1
-19746.3
-19746.6
-19746.8
-19747.1
-19747.3
-19747.6
-19747.9
-19748.1
-19748.4
-19748.6
-19748.9
-19749.2
-19749.4
-19749.7
-19749.9
-19750.2
-19750.5
-19750.7
-19751
-19751.2
-19751.5
-19751.7
-19752
-19752.3
-19752.5
-19752.8
-19753.1
-19753.3
-19753.6
-19753.8
-19754.1
-19754.4
-19754.6
-19754.9
-19755.2
-19755.4
-19755.7
-19755.9
-19756.2
-19756.4
-19756.7
-19757
-19757.2
-19757.5
-19757.7
-19758
-19758.3
-19758.5
-19758.8
-19759
-19759.3
-19759.6
-19759.8
-19760.1
-19760.3
-19760.6
-19760.8
-19761.1
-19761.4
-19761.6
-19761.9
-19762.1
-19762.4
-19762.6
-19762.9
-19763.2
-19763.4
-19763.7
-19763.9
-19764.2
-19764.4
-19764.7
-19765
-19765.2
-19765.5
-19765.7
-19766
-19766.2
-19766.5
-19766.8
-19767
-19767.3
-19767.5
-19767.8
-19768
-19768.3
-19768.6
-19768.8
-19769.1
-19769.3
-19769.6
-19769.9
-19770.1
-19770.4
-19770.6
-19770.9
-19771.1
-19771.4
-19771.6
-19771.8
-19772.2
-19772.4
-19772.6
-19772.9
-19773.2
-19773.4
-19773.7
-19773.9
-19774.1
-19774.5
-19774.8
-19775
-19775.3
-19775.5
-19775.8
-19776
-19776.3
-19776.5
-19776.8
-19777
-19777.3
-19777.5
-19777.8
-19778.1
-19778.3
-19778.6
-19778.8
-19779.1
-19779.3
-19779.6
-19779.8
-19780.1
-19780.4
-19780.6
-19780.9
-19781.1
-19781.4
-19781.6
-19781.9
-19782.1
-19782.4
-19782.6
-19782.9
-19783.1
-19783.4
-19783.7
-19783.9
-19784.2
-19784.4
-19784.7
-19784.9
-19785.2
-19785.4
-19785.7
-19785.9
-19786.1
-19786.4
-19786.7
-19787
-19787.2
-19787.5
-19787.7
-19788
-19788.2
-19788.5
-19788.7
-19788.9
-19789.3
-19789.5
-19789.8
-19790
-19790.3
-19790.5
-19790.8
-19791
-19791.3
-19791.5
-19791.8
-19792.1
-19792.3
-19792.6
-19792.8
-19793.1
-19793.3
-19793.6
-19793.8
-19794.1
-19794.3
-19794.6
-19794.8
-19795.1
-19795.3
-19795.6
-19795.9
-19796.1
-19796.4
-19796.6
-19796.9
-19797.1
-19797.4
-19797.6
-19797.9
-19798.2
-19798.4
-19798.7
-19798.9
-19799.2
-19799.4
-19799.7
-19800
-19800.2
-19800.5
-19800.7
-19801
-19801.2
-19801.5
-19801.7
-19802
-19802.2
-19802.5
-19802.7
-19803
-19803.2
-19803.5
-19803.7
-19804
-19804.3
-19804.5
-19804.7
-19805
-19805.2
-19805.5
-19805.7
-19806
-19806.3
-19806.5
-19806.8
-19807
-19807.3
-19807.5
-19807.8
-19808
-19808.3
-19808.5
-19808.8
-19809
-19809.3
-19809.5
-19809.7
-19810
-19810.2
-19810.5
-19810.8
-19811
-19811.3
-19811.5
-19811.8
-19812
-19812.3
-19812.5
-19812.8
-19813
-19813.3
-19813.5
-19813.8
-19814
-19814.3
-19814.5
-19814.8
-19815
-19815.3
-19815.5
-19815.8
-19816
-19816.3
-19816.5
-19816.8
-19817
-19817.3
-19817.5
-19817.8
-19818
-19818.3
-19818.5
-19818.8
-19819
-19819.3
-19819.5
-19819.8
-19820
-19820.3
-19820.6
-19820.8
-19821.1
-19821.3
-19821.6
-19821.8
-19822
-19822.3
-19822.6
-19822.7
-19823
-19823.3
-19823.5
-19823.8
-19824.1
-19824.3
-19824.6
-19824.8
-19825.1
-19825.3
-19825.6
-19825.8
-19826.1
-19826.3
-19826.6
-19826.8
-19827.1
-19827.3
-19827.6
-19827.8
-19828.1
-19828.3
-19828.6
-19828.8
-19829.1
-19829.3
-19829.6
-19829.8
-19830.1
-19830.3
-19830.6
-19830.8
-19831.1
-19831.3
-19831.6
-19831.8
-19832.1
-19832.3
-19832.6
-19832.9
-19833.1
-19833.3
-19833.6
-19833.9
-19834.1
-19834.4
-19834.6
-19834.9
-19835.1
-19835.4
-19835.6
-19835.9
-19836.1
-19836.4
-19836.6
-19836.9
-19837.1
-19837.3
-19837.6
-19837.9
-19838.1
-19838.3
-19838.6
-19838.8
-19839.1
-19839.3
-19839.6
-19839.8
-19840.1
-19840.3
-19840.6
-19840.8
-19841.1
-19841.3
-19841.6
-19841.8
-19842.1
-19842.3
-19842.6
-19842.8
-19843.1
-19843.3
-19843.5
-19843.8
-19844.1
-19844.3
-19844.5
-19844.8
-19845
-19845.3
-19845.5
-19845.8
-19846
-19846.3
-19846.5
-19846.8
-19847
-19847.3
-19847.5
-19847.8
-19848
-19848.3
-19848.5
-19848.8
-19849
-19849.3
-19849.5
-19849.8
-19850
-19850.3
-19850.5
-19850.8
-19851
-19851.3
-19851.5
-19851.8
-19852
-19852.2
-19852.5
-19852.7
-19853
-19853.2
-19853.5
-19853.7
-19853.9
-19854.2
-19854.4
-19854.7
-19854.9
-19855.2
-19855.4
-19855.7
-19855.9
-19856.2
-19856.4
-19856.7
-19856.9
-19857.2
-19857.4
-19857.6
-19857.8
-19858.1
-19858.3
-19858.6
-19858.8
-19859.1
-19859.3
-19859.6
-19859.8
-19860.1
-19860.3
-19860.5
-19860.8
-19861
-19861.2
-19861.5
-19861.8
-19862
-19862.3
-19862.5
-19862.8
-19863
-19863.3
-19863.5
-19863.7
-19864
-19864.2
-19864.5
-19864.7
-19864.9
-19865.2
-19865.5
-19865.7
-19865.9
-19866.1
-19866.5
-19866.7
-19867
-19867.2
-19867.4
-19867.7
-19867.9
-19868.2
-19868.4
-19868.7
-19868.9
-19869.2
-19869.4
-19869.7
-19869.9
-19870.2
-19870.4
-19870.6
-19870.9
-19871.1
-19871.4
-19871.6
-19871.9
-19872.1
-19872.4
-19872.6
-19872.8
-19873.1
-19873.3
-19873.6
-19873.8
-19874
-19874.3
-19874.5
-19874.8
-19875
-19875.3
-19875.5
-19875.8
-19876
-19876.2
-19876.5
-19876.8
-19877
-19877.2
-19877.5
-19877.7
-19877.9
-19878.2
-19878.4
-19878.7
-19879
-19879.2
-19879.4
-19879.7
-19880
-19880.2
-19880.4
-19880.7
-19880.9
-19881.2
-19881.4
-19881.7
-19881.9
-19882.1
-19882.4
-19882.6
-19882.9
-19883.1
-19883.4
-19883.6
-19883.8
-19884.1
-19884.3
-19884.6
-19884.8
-19885.1
-19885.3
-19885.6
-19885.8
-19886
-19886.3
-19886.5
-19886.8
-19887
-19887.2
-19887.4
-19887.7
-19888
-19888.2
-19888.5
-19888.7
-19889
-19889.2
-19889.4
-19889.7
-19889.9
-19890.2
-19890.4
-19890.6
-19890.9
-19891.1
-19891.4
-19891.6
-19891.9
-19892.1
-19892.4
-19892.6
-19892.8
-19893.1
-19893.3
-19893.6
-19893.8
-19894.1
-19894.3
-19894.5
-19894.8
-19895
-19895.3
-19895.5
-19895.7
-19896
-19896.2
-19896.5
-19896.7
-19897
-19897.2
-19897.4
-19897.7
-19898
-19898.2
-19898.4
-19898.6
-19898.9
-19899.1
-19899.4
-19899.6
-19899.9
-19900.1
-19900.3
-19900.6
-19900.8
-19901.1
-19901.3
-19901.6
-19901.8
-19902
-19902.3
-19902.5
-19902.8
-19903
-19903.2
-19903.5
-19903.7
-19904
-19904.2
-19904.4
-19904.7
-19904.9
-19905.2
-19905.4
-19905.6
-19905.9
-19906.1
-19906.3
-19906.6
-19906.8
-19907.1
-19907.3
-19907.6
-19907.8
-19908
-19908.3
-19908.5
-19908.8
-19909
-19909.2
-19909.5
-19909.7
-19910
-19910.2
-19910.4
-19910.7
-19910.9
-19911.2
-19911.4
-19911.7
-19911.9
-19912.1
-19912.3
-19912.6
-19912.8
-19913.1
-19913.3
-19913.6
-19913.8
-19914.1
-19914.2
-19914.5
-19914.7
-19915
-19915.3
-19915.5
-19915.7
-19916
-19916.2
-19916.4
-19916.7
-19916.9
-19917.2
-19917.4
-19917.7
-19917.9
-19918.2
-19918.3
-19918.6
-19918.8
-19919.1
-19919.3
-19919.6
-19919.8
-19920.1
-19920.3
-19920.5
-19920.8
-19921
-19921.2
-19921.5
-19921.7
-19921.9
-19922.1
-19922.4
-19922.7
-19922.9
-19923.1
-19923.4
-19923.6
-19923.9
-19924.1
-19924.3
-19924.6
-19924.8
-19925.1
-19925.3
-19925.5
-19925.8
-19926
-19926.2
-19926.4
-19926.7
-19926.9
-19927.2
-19927.4
-19927.6
-19927.9
-19928.1
-19928.4
-19928.6
-19928.9
-19929.1
-19929.3
-19929.6
-19929.8
-19930
-19930.3
-19930.5
-19930.8
-19931
-19931.2
-19931.5
-19931.7
-19932
-19932.2
-19932.4
-19932.7
-19932.9
-19933.1
-19933.4
-19933.6
-19933.9
-19934.1
-19934.3
-19934.6
-19934.8
-19935.1
-19935.3
-19935.5
-19935.8
-19936
-19936.2
-19936.5
-19936.7
-19937
-19937.2
-19937.4
-19937.7
-19937.9
-19938.1
-19938.4
-19938.6
-19938.9
-19939.1
-19939.3
-19939.4
-19939.8
-19940
-19940.2
-19940.5
-19940.7
-19941
-19941.2
-19941.4
-19941.6
-19941.9
-19942.1
-19942.3
-19942.6
-19942.8
-19943
-19943.3
-19943.5
-19943.8
-19944
-19944.2
-19944.5
-19944.7
-19945
-19945.2
-19945.4
-19945.7
-19945.9
-19946.1
-19946.3
-19946.6
-19946.9
-19947.1
-19947.3
-19947.5
-19947.8
-19948
-19948.2
-19948.5
-19948.8
-19949
-19949.2
-19949.5
-19949.7
-19949.9
-19950.1
-19950.4
-19950.6
-19950.8
-19951.1
-19951.3
-19951.5
-19951.8
-19952
-19952.3
-19952.5
-19952.7
-19953
-19953.2
-19953.4
-19953.7
-19953.9
-19954.1
-19954.4
-19954.6
-19954.8
-19955.1
-19955.3
-19955.5
-19955.8
-19956
-19956.2
-19956.5
-19956.7
-19957
-19957.2
-19957.4
-19957.6
-19957.9
-19958.1
-19958.3
-19958.6
-19958.8
-19959
-19959.3
-19959.5
-19959.7
-19960
-19960.3
-19960.5
-19960.7
-19961
-19961.2
-19961.4
-19961.7
-19961.9
-19962.1
-19962.3
-19962.5
-19962.8
-19963
-19963.2
-19963.4
-19963.7
-19963.9
-19964.1
-19964.4
-19964.6
-19964.9
-19965.1
-19965.3
-19965.6
-19965.8
-19966
-19966.2
-19966.5
-19966.7
-19966.9
-19967.2
-19967.4
-19967.7
-19967.9
-19968.1
-19968.4
-19968.6
-19968.9
-19969.1
-19969.3
-19969.6
-19969.8
-19970
-19970.2
-19970.5
-19970.7
-19971
-19971.2
-19971.4
-19971.6
-19971.9
-19972.1
-19972.4
-19972.6
-19972.8
-19973
-19973.3
-19973.5
-19973.8
-19974
-19974.2
-19974.5
-19974.7
-19974.9
-19975.2
-19975.4
-19975.6
-19975.9
-19976.1
-19976.3
-19976.6
-19976.8
-19977
-19977.3
-19977.5
-19977.7
-19978
-19978.2
-19978.4
-19978.7
-19978.9
-19979.1
-19979.4
-19979.6
-19979.8
-19980.1
-19980.3
-19980.5
-19980.7
-19981
-19981.2
-19981.4
-19981.7
-19981.9
-19982.1
-19982.4
-19982.6
-19982.8
-19983.1
-19983.3
-19983.5
-19983.7
-19984
-19984.2
-19984.5
-19984.7
-19984.9
-19985.2
-19985.4
-19985.7
-19985.9
-19986.1
-19986.3
-19986.6
-19986.8
-19987
-19987.3
-19987.5
-19987.7
-19987.9
-19988.2
-19988.4
-19988.6
-19988.8
-19989.1
-19989.3
-19989.5
-19989.8
-19989.9
-19990.2
-19990.5
-19990.7
-19990.9
-19991.1
-19991.4
-19991.5
-19991.8
-19992
-19992.3
-19992.5
-19992.7
-19993
-19993.2
-19993.4
-19993.7
-19993.9
-19994.1
-19994.4
-19994.6
-19994.8
-19995.1
-19995.3
-19995.5
-19995.7
-19996
-19996.2
-19996.4
-19996.7
-19996.9
-19997.1
-19997.4
-19997.6
-19997.8
-19998.1
-19998.3
-19998.5
-19998.7
-19999
-19999.2
-19999.4
-19999.6
-19999.9
-20000.1
-20000.4
-20000.6
-20000.8
-20001.1
-20001.3
-20001.5
-20001.7
-20002
-20002.2
-20002.4
-20002.7
-20002.9
-20003.1
-20003.4
-20003.6
-20003.8
-20004
-20004.3
-20004.5
-20004.7
-20004.9
-20005.2
-20005.4
-20005.6
-20005.8
-20006.1
-20006.3
-20006.6
-20006.8
-20007
-20007.2
-20007.4
-20007.7
-20007.9
-20008.2
-20008.4
-20008.6
-20008.8
-20009.1
-20009.3
-20009.5
-20009.8
-20010
-20010.2
-20010.5
-20010.7
-20010.9
-20011.2
-20011.4
-20011.6
-20011.8
-20012.1
-20012.3
-20012.5
-20012.8
-20013
-20013.2
-20013.4
-20013.7
-20013.9
-20014.1
-20014.3
-20014.6
-20014.8
-20015
-20015.2
-20015.5
-20015.7
-20015.9
-20016.2
-20016.4
-20016.6
-20016.8
-20017.1
-20017.3
-20017.5
-20017.8
-20017.9
-20018.2
-20018.4
-20018.6
-20018.9
-20019.1
-20019.4
-20019.6
-20019.8
-20020
-20020.2
-20020.4
-20020.7
-20020.9
-20021.1
-20021.3
-20021.6
-20021.8
-20022
-20022.3
-20022.5
-20022.6
-20022.9
-20023.2
-20023.4
-20023.6
-20023.9
-20024.1
-20024.3
-20024.5
-20024.8
-20025
-20025.2
-20025.4
-20025.7
-20025.8
-20026.1
-20026.4
-20026.5
-20026.8
-20027
-20027.3
-20027.4
-20027.7
-20027.9
-20028.2
-20028.4
-20028.6
-20028.8
-20029.1
-20029.3
-20029.4
-20029.7
-20029.9
-20030.2
-20030.4
-20030.6
-20030.8
-20031.1
-20031.3
-20031.5
-20031.8
-20032
-20032.2
-20032.4
-20032.7
-20032.9
-20033.1
-20033.3
-20033.6
-20033.8
-20034
-20034.2
-20034.5
-20034.7
-20034.9
-20035.1
-20035.3
-20035.6
-20035.8
-20036
-20036.2
-20036.4
-20036.7
-20036.9
-20037.2
-20037.4
-20037.6
-20037.8
-20038
-20038.3
-20038.5
-20038.7
-20038.9
-20039.2
-20039.3
-20039.6
-20039.8
-20040
-20040.3
-20040.5
-20040.7
-20041
-20041.2
-20041.4
-20041.6
-20041.8
-20042.1
-20042.3
-20042.6
-20042.8
-20043
-20043.2
-20043.4
-20043.7
-20043.9
-20044.1
-20044.3
-20044.6
-20044.8
-20045
-20045.2
-20045.5
-20045.7
-20045.9
-20046.1
-20046.4
-20046.6
-20046.8
-20047
-20047.2
-20047.5
-20047.7
-20047.9
-20048.2
-20048.4
-20048.6
-20048.8
-20049
-20049.2
-20049.4
-20049.7
-20049.9
-20050.1
-20050.3
-20050.6
-20050.8
-20051
-20051.2
-20051.5
-20051.7
-20051.9
-20052.1
-20052.4
-20052.6
-20052.8
-20053
-20053.2
-20053.5
-20053.7
-20053.9
-20054.1
-20054.4
-20054.6
-20054.8
-20055
-20055.3
-20055.5
-20055.7
-20055.9
-20056.2
-20056.4
-20056.6
-20056.8
-20057.1
-20057.3
-20057.5
-20057.7
-20058
-20058.2
-20058.4
-20058.6
-20058.9
-20059.1
-20059.3
-20059.5
-20059.7
-20060
-20060.2
-20060.4
-20060.6
-20060.9
-20061.1
-20061.3
-20061.5
-20061.8
-20062
-20062.2
-20062.4
-20062.7
-20062.9
-20063.1
-20063.3
-20063.5
-20063.8
-20064
-20064.2
-20064.4
-20064.7
-20064.9
-20065.1
-20065.3
-20065.6
-20065.8
-20066
-20066.2
-20066.4
-20066.7
-20066.9
-20067.1
-20067.3
-20067.6
-20067.8
-20068
-20068.2
-20068.5
-20068.7
-20068.9
-20069.1
-20069.3
-20069.6
-20069.8
-20070
-20070.2
-20070.5
-20070.7
-20070.9
-20071.1
-20071.4
-20071.6
-20071.8
-20072
-20072.2
-20072.5
-20072.7
-20072.9
-20073.1
-20073.4
-20073.6
-20073.8
-20074
-20074.2
-20074.5
-20074.7
-20074.9
-20075.1
-20075.4
-20075.6
-20075.8
-20076
-20076.2
-20076.5
-20076.7
-20076.9
-20077.1
-20077.3
-20077.6
-20077.8
-20078
-20078.2
-20078.5
-20078.7
-20078.9
-20079.1
-20079.3
-20079.6
-20079.8
-20080
-20080.2
-20080.5
-20080.7
-20080.9
-20081.1
-20081.3
-20081.6
-20081.8
-20082
-20082.2
-20082.4
-20082.7
-20082.9
-20083.1
-20083.3
-20083.5
-20083.8
-20084
-20084.1
-20084.4
-20084.6
-20084.8
-20085
-20085.3
-20085.5
-20085.7
-20086
-20086.1
-20086.4
-20086.6
-20086.8
-20087.1
-20087.3
-20087.5
-20087.7
-20087.9
-20088.2
-20088.4
-20088.6
-20088.8
-20089.1
-20089.3
-20089.5
-20089.7
-20089.9
-20090.2
-20090.4
-20090.6
-20090.8
-20091
-20091.3
-20091.5
-20091.7
-20091.9
-20092.1
-20092.4
-20092.6
-20092.7
-20093
-20093.2
-20093.5
-20093.7
-20093.9
-20094.1
-20094.3
-20094.5
-20094.8
-20095
-20095.2
-20095.4
-20095.7
-20095.9
-20096
-20096.3
-20096.5
-20096.7
-20097
-20097.2
-20097.4
-20097.6
-20097.8
-20098.1
-20098.3
-20098.5
-20098.6
-20098.9
-20099.2
-20099.4
-20099.5
-20099.8
-20100
-20100.2
-20100.5
-20100.7
-20100.8
-20101.1
-20101.3
-20101.6
-20101.8
-20102
-20102.2
-20102.5
-20102.7
-20102.9
-20103.1
-20103.3
-20103.5
-20103.8
-20104
-20104.2
-20104.4
-20104.6
-20104.9
-20105.1
-20105.2
-20105.5
-20105.7
-20105.9
-20106.2
-20106.3
-20106.6
-20106.8
-20107
-20107.2
-20107.5
-20107.7
-20107.8
-20108.1
-20108.3
-20108.5
-20108.8
-20109
-20109.1
-20109.4
-20109.6
-20109.8
-20110.1
-20110.3
-20110.5
-20110.7
-20110.9
-20111.2
-20111.4
-20111.6
-20111.8
-20112
-20112.2
-20112.5
-20112.7
-20112.9
-20113.1
-20113.3
-20113.6
-20113.8
-20114
-20114.2
-20114.4
-20114.7
-20114.9
-20115.1
-20115.3
-20115.5
-20115.7
-20116
-20116.2
-20116.4
-20116.6
-20116.8
-20117
-20117.2
-20117.5
-20117.7
-20117.9
-20118.1
-20118.3
-20118.6
-20118.8
-20118.9
-20119.2
-20119.4
-20119.6
-20119.9
-20120.1
-20120.3
-20120.5
-20120.7
-20120.9
-20121.2
-20121.4
-20121.6
-20121.8
-20122
-20122.2
-20122.5
-20122.7
-20122.9
-20123.1
-20123.3
-20123.5
-20123.8
-20124
-20124.2
-20124.4
-20124.6
-20124.8
-20125.1
-20125.3
-20125.5
-20125.7
-20125.9
-20126.1
-20126.4
-20126.6
-20126.8
-20127
-20127.2
-20127.4
-20127.6
-20127.9
-20128.1
-20128.3
-20128.5
-20128.7
-20129
-20129.2
-20129.4
-20129.6
-20129.8
-20130
-20130.2
-20130.5
-20130.7
-20130.9
-20131.1
-20131.3
-20131.5
-20131.8
-20132
-20132.2
-20132.4
-20132.6
-20132.8
-20133
-20133.2
-20133.5
-20133.7
-20133.9
-20134.1
-20134.3
-20134.5
-20134.7
-20134.9
-20135.1
-20135.4
-20135.6
-20135.8
-20136
-20136.2
-20136.4
-20136.7
-20136.9
-20137.1
-20137.3
-20137.5
-20137.7
-20138
-20138.2
-20138.4
-20138.6
-20138.8
-20139
-20139.2
-20139.5
-20139.7
-20139.9
-20140.1
-20140.3
-20140.5
-20140.7
-20140.9
-20141.1
-20141.3
-20141.5
-20141.8
-20142
-20142.2
-20142.4
-20142.6
-20142.8
-20143
-20143.3
-20143.5
-20143.7
-20143.9
-20144.1
-20144.3
-20144.5
-20144.8
-20145
-20145.2
-20145.4
-20145.6
-20145.8
-20146
-20146.3
-20146.5
-20146.7
-20146.9
-20147.1
-20147.3
-20147.5
-20147.8
-20148
-20148.2
-20148.4
-20148.6
-20148.8
-20149
-20149.2
-20149.5
-20149.7
-20149.9
-20150.1
-20150.3
-20150.5
-20150.7
-20151
-20151.2
-20151.4
-20151.6
-20151.8
-20152
-20152.2
-20152.5
-20152.7
-20152.9
-20153.1
-20153.3
-20153.5
-20153.7
-20154
-20154.2
-20154.4
-20154.6
-20154.8
-20155
-20155.2
-20155.4
-20155.7
-20155.9
-20156.1
-20156.3
-20156.5
-20156.7
-20156.9
-20157.2
-20157.4
-20157.6
-20157.8
-20158
-20158.2
-20158.4
-20158.6
-20158.9
-20159.1
-20159.3
-20159.5
-20159.7
-20159.9
-20160.1
-20160.3
-20160.6
-20160.8
-20161
-20161.2
-20161.4
-20161.6
-20161.8
-20162
-20162.3
-20162.5
-20162.7
-20162.9
-20163.1
-20163.3
-20163.5
-20163.7
-20164
-20164.2
-20164.4
-20164.6
-20164.8
-20165
-20165.2
-20165.4
-20165.7
-20165.9
-20166.1
-20166.3
-20166.5
-20166.7
-20166.9
-20167.1
-20167.4
-20167.6
-20167.8
-20168
-20168.2
-20168.4
-20168.6
-20168.8
-20169.1
-20169.3
-20169.5
-20169.7
-20169.9
-20170.1
-20170.3
-20170.5
-20170.7
-20171
-20171.2
-20171.4
-20171.6
-20171.8
-20172
-20172.2
-20172.4
-20172.6
-20172.9
-20173.1
-20173.3
-20173.5
-20173.7
-20173.9
-20174.1
-20174.3
-20174.5
-20174.8
-20175
-20175.2
-20175.4
-20175.6
-20175.8
-20176
-20176.2
-20176.5
-20176.7
-20176.9
-20177.1
-20177.3
-20177.5
-20177.7
-20177.9
-20178.1
-20178.3
-20178.6
-20178.8
-20179
-20179.2
-20179.4
-20179.6
-20179.8
-20180
-20180.2
-20180.5
-20180.7
-20180.9
-20181.1
-20181.3
-20181.5
-20181.7
-20181.9
-20182.1
-20182.4
-20182.6
-20182.8
-20183
-20183.2
-20183.4
-20183.6
-20183.8
-20184
-20184.3
-20184.5
-20184.7
-20184.9
-20185.1
-20185.3
-20185.5
-20185.7
-20185.9
-20186.1
-20186.4
-20186.6
-20186.8
-20187
-20187.2
-20187.4
-20187.6
-20187.8
-20188
-20188.2
-20188.5
-20188.7
-20188.9
-20189.1
-20189.3
-20189.5
-20189.7
-20189.9
-20190.1
-20190.3
-20190.6
-20190.8
-20191
-20191.2
-20191.4
-20191.6
-20191.8
-20192
-20192.2
-20192.4
-20192.7
-20192.9
-20193.1
-20193.3
-20193.5
-20193.7
-20193.9
-20194.1
-20194.3
-20194.5
-20194.8
-20195
-20195.2
-20195.4
-20195.6
-20195.8
-20196
-20196.2
-20196.4
-20196.6
-20196.8
-20197.1
-20197.3
-20197.5
-20197.7
-20197.9
-20198.1
-20198.3
-20198.5
-20198.7
-20198.9
-20199.1
-20199.4
-20199.6
-20199.8
-20200
-20200.2
-20200.4
-20200.6
-20200.8
-20201
-20201.2
-20201.4
-20201.7
-20201.9
-20202.1
-20202.3
-20202.5
-20202.7
-20202.9
-20203.1
-20203.3
-20203.5
-20203.7
-20203.9
-20204.2
-20204.4
-20204.6
-20204.8
-20205
-20205.2
-20205.4
-20205.6
-20205.8
-20206
-20206.2
-20206.4
-20206.7
-20206.9
-20207.1
-20207.3
-20207.5
-20207.7
-20207.9
-20208.1
-20208.3
-20208.5
-20208.7
-20208.9
-20209.1
-20209.4
-20209.6
-20209.8
-20210
-20210.2
-20210.4
-20210.6
-20210.8
-20211
-20211.2
-20211.4
-20211.6
-20211.8
-20212.1
-20212.3
-20212.5
-20212.7
-20212.9
-20213.1
-20213.3
-20213.5
-20213.7
-20213.9
-20214.1
-20214.3
-20214.5
-20214.7
-20215
-20215.2
-20215.4
-20215.6
-20215.8
-20216
-20216.2
-20216.4
-20216.6
-20216.8
-20217
-20217.2
-20217.4
-20217.6
-20217.8
-20218.1
-20218.3
-20218.5
-20218.7
-20218.9
-20219.1
-20219.3
-20219.5
-20219.6
-20219.9
-20220.1
-20220.3
-20220.5
-20220.7
-20220.9
-20221.1
-20221.3
-20221.5
-20221.8
-20222
-20222.1
-20222.4
-20222.6
-20222.8
-20222.9
-20223.2
-20223.4
-20223.6
-20223.8
-20224
-20224.2
-20224.4
-20224.7
-20224.9
-20225
-20225.2
-20225.5
-20225.7
-20225.9
-20226.1
-20226.3
-20226.5
-20226.7
-20226.9
-20227.1
-20227.3
-20227.5
-20227.7
-20228
-20228.1
-20228.3
-20228.5
-20228.8
-20229
-20229.2
-20229.4
-20229.6
-20229.8
-20230
-20230.1
-20230.4
-20230.6
-20230.8
-20230.9
-20231.2
-20231.4
-20231.6
-20231.8
-20232.1
-20232.3
-20232.5
-20232.7
-20232.9
-20233.1
-20233.3
-20233.5
-20233.7
-20233.9
-20234.1
-20234.3
-20234.5
