0
40.9449
937134
3.28103e+06
3.31155e+06
3.32714e+06
3.33907e+06
3.3496e+06
3.35794e+06
3.36559e+06
3.3744e+06
3.38194e+06
3.38953e+06
3.39644e+06
3.40299e+06
3.40913e+06
3.41451e+06
3.41974e+06
3.42583e+06
3.43116e+06
3.43648e+06
3.44162e+06
3.44674e+06
3.45156e+06
3.45713e+06
3.4611e+06
3.46581e+06
3.46998e+06
3.47463e+06
3.47911e+06
3.4832e+06
3.48667e+06
3.49093e+06
3.49464e+06
3.49852e+06
3.50228e+06
3.50626e+06
3.50944e+06
3.51295e+06
3.51679e+06
3.52001e+06
3.52373e+06
3.52643e+06
3.53007e+06
3.53258e+06
3.53571e+06
3.539e+06
3.54209e+06
3.54522e+06
3.5483e+06
3.55164e+06
3.55436e+06
3.55698e+06
3.56009e+06
3.56268e+06
3.5655e+06
3.56819e+06
3.5703e+06
3.57267e+06
3.57615e+06
3.57845e+06
3.58129e+06
