5
5.2
5.39231
5.57777
5.75709
5.93083
6.09951
6.26354
6.42331
6.57914
6.73127
6.88007
7.02553
7.16801
7.30766
7.44463
7.57911
7.71136
7.84118
7.96886
8.09452
8.21826
8.34008
8.46014
8.57855
8.69528
8.81045
8.92417
9.03637
9.14718
9.25665
9.36489
9.47181
9.57752
9.68239
9.78589
9.88823
9.98949
10.0898
10.189
10.2873
10.3847
10.4811
10.5766
10.6714
10.7652
10.8583
10.9505
11.042
11.1327
11.2227
11.312
11.4005
11.4884
11.5756
11.6621
11.748
11.8333
11.9179
12.0019
12.0854
12.1682
12.2505
12.3323
12.4135
12.4942
12.5744
12.6542
12.7333
12.812
12.8901
12.9679
13.0451
13.1219
13.1982
13.2741
13.3496
13.4246
13.4993
13.5734
13.6472
13.7206
13.7936
13.8662
13.9385
14.0103
14.0818
14.153
14.2237
14.2942
14.3643
14.434
14.5035
14.5725
14.6413
14.7097
14.7778
14.8456
14.913
14.9802
15.0471
15.1136
15.1799
15.2459
15.3117
15.3771
15.4423
15.5071
15.5717
15.6361
15.7001
15.7639
15.8275
15.8908
15.9539
16.0167
16.0793
16.1416
16.2036
16.2655
16.3271
16.3884
16.4496
16.5105
16.5712
16.6317
16.6921
16.7522
16.812
16.8716
16.931
16.9902
17.0492
17.1079
17.1665
17.2249
17.2831
17.3411
17.3989
17.4565
17.514
17.5712
17.6283
17.6852
17.7419
17.7984
17.8546
17.9108
17.9667
18.0225
18.0781
18.1336
18.1888
18.2439
18.2988
18.3536
18.4082
18.4626
18.5169
18.571
18.625
18.6788
18.7325
18.786
18.8393
18.8925
18.9456
18.9985
19.0512
19.1039
19.1564
19.2087
19.2609
19.3129
19.3649
19.4166
19.4682
19.5198
19.5711
19.6223
19.6735
19.7244
19.7752
19.826
19.8766
19.927
19.9773
20.0275
20.0776
20.1276
20.1774
20.2272
20.2767
20.3262
20.3756
20.4248
20.4739
20.523
20.5718
20.6206
20.6692
20.7177
20.7661
20.8145
20.8626
20.9107
20.9586
21.0066
21.0543
21.102
21.1495
21.197
21.2443
21.2915
21.3386
21.3858
21.4327
21.4795
21.5261
21.5727
21.6192
21.6656
21.7119
21.7581
21.8042
21.8503
21.8962
21.942
21.9877
22.0333
22.0788
22.1243
22.1696
22.2149
22.2601
22.3052
22.3502
22.3951
22.4399
22.4846
22.5292
22.5738
22.6182
22.6626
22.7068
22.751
22.7951
22.8391
22.883
22.9269
22.9706
23.0143
23.0579
23.1015
23.1449
23.1883
23.2316
23.2748
23.318
23.361
23.4041
23.447
23.4898
23.5325
23.5752
23.6179
23.6605
23.7028
23.7452
23.7875
23.8296
23.8747
23.9168
23.9587
24.0006
24.0424
24.0841
24.1258
24.1674
24.2089
24.2503
24.2917
24.333
24.3743
24.4155
24.4566
24.4977
24.5387
24.5796
24.6204
24.6612
24.7019
24.7425
24.7831
24.8236
24.864
24.9044
24.9447
24.985
25.0251
25.0653
25.1054
25.1453
25.1853
25.2251
25.2649
25.3046
25.3463
25.3859
25.4255
25.465
25.5044
25.5437
25.5831
25.6224
25.6615
25.7006
25.7397
25.7787
25.8176
25.8565
25.8953
25.9341
25.9728
26.0115
26.0501
26.0886
26.1271
26.1655
26.204
26.2423
26.2806
26.3188
26.3569
26.395
26.4331
26.4711
26.5091
26.547
26.5848
26.6225
26.6603
26.698
26.7356
26.7732
26.8107
26.8482
26.8856
26.923
26.9603
26.9976
27.0348
27.0722
27.1093
27.1463
27.1834
27.2203
27.2572
27.2941
27.3309
27.3678
27.4045
27.4413
27.4779
27.5145
27.551
27.5875
27.6239
27.6604
27.6967
27.733
27.7693
27.8055
27.8417
27.8777
27.9138
27.9498
27.9857
28.0217
28.0577
28.0935
28.1293
28.165
28.2009
28.2365
28.2722
28.3077
28.3432
28.3787
28.4141
28.4495
28.4849
28.5201
28.5554
28.5906
28.6257
28.6608
28.6959
28.731
28.766
28.801
28.8358
28.8707
28.9055
28.9403
28.975
29.0097
29.0444
29.079
29.1136
29.1481
29.1826
29.2171
29.2515
29.286
29.3203
29.3546
29.3889
29.4231
29.4572
29.4914
29.5255
29.5596
29.5938
29.6277
29.6617
29.6955
29.7295
29.7633
29.7971
29.8309
29.8646
29.8982
29.9318
29.9654
29.9989
30.0324
30.0658
30.0992
30.1327
30.1661
30.1995
30.2328
30.2661
30.2993
30.3325
30.3656
30.3987
30.4318
30.4649
30.4979
30.5308
30.5638
30.5966
30.6295
30.6625
30.6952
30.728
30.7608
30.7935
30.8262
30.8588
30.8914
30.924
30.9565
30.9892
31.0216
31.054
31.0865
31.1189
31.1512
31.1835
31.2157
31.2479
31.2801
31.3123
31.3444
31.3765
31.4085
31.4407
31.4727
31.5047
31.5367
31.5687
31.6005
31.6325
31.6643
31.696
31.7279
31.7597
31.7914
31.8234
31.855
31.8865
31.9182
31.9496
31.9811
32.0126
32.044
32.0754
32.1069
32.1383
32.1714
32.2027
32.2341
32.2653
32.2976
32.3288
32.36
32.3911
32.4223
32.4533
32.4843
32.5153
32.5464
32.5776
32.6085
32.6395
32.6703
32.7012
32.732
32.7628
32.7936
32.8242
32.8549
32.8856
32.9163
32.9469
32.9775
33.0082
33.0389
33.0695
33.0999
33.1303
33.1607
33.191
33.2214
33.2517
33.2819
33.3122
33.3425
33.3727
33.4029
33.433
33.4632
33.4933
33.5236
33.5536
33.5836
33.6136
33.6436
33.6735
33.7034
33.7334
33.7634
33.7933
33.823
33.8528
33.8826
33.9123
33.942
33.9718
34.0014
34.0319
34.0615
34.0911
34.1207
34.1503
34.1798
34.2092
34.2387
34.268
34.2974
34.3268
34.3562
34.3855
34.4148
34.444
34.4733
34.5026
34.5317
34.5609
34.5901
34.6191
34.6482
34.6773
34.7063
34.7353
34.7644
34.7934
34.8223
34.8512
34.8801
34.9092
34.9381
34.9669
34.9958
35.0247
35.0534
35.0824
35.1111
35.1398
35.1686
35.1972
35.2258
35.2545
35.2831
35.3116
35.3401
35.3686
35.3972
35.4257
35.4542
35.4827
35.5112
35.5395
35.568
35.5965
35.6248
35.6536
35.6818
35.7101
35.7383
35.7666
35.7948
35.8229
35.8515
35.8797
35.9078
35.9359
35.9641
35.9922
36.0201
36.0481
36.0761
36.1051
36.1331
36.1611
36.1889
36.2168
36.2446
36.2724
36.3002
36.328
36.3558
36.3835
36.4112
36.4388
36.4665
36.4942
36.5217
36.5494
36.577
36.6046
36.6321
36.6596
36.6876
36.7153
36.7427
36.7701
36.7976
36.825
36.8525
36.8798
36.9071
36.9344
36.9617
36.9889
37.0162
37.0435
37.0708
37.098
37.1252
37.1525
37.1796
37.2067
37.2338
37.2611
37.2882
37.3152
37.3423
37.3693
37.3962
37.4232
37.4502
37.4771
37.5041
37.5309
37.558
37.5849
37.6118
37.6385
37.6655
37.6922
37.7189
37.7457
37.7724
37.7991
37.8257
37.8523
37.8789
37.9054
37.932
37.9586
37.9851
38.0116
38.0382
38.0648
38.0913
38.1178
38.1443
38.1708
38.1974
38.2238
38.2502
38.2765
38.3029
38.3292
38.3555
38.3818
38.408
38.4343
38.4605
38.4867
38.513
38.5392
38.5654
38.5915
38.6176
38.6437
38.6698
38.6959
38.7219
38.748
38.7745
38.8005
38.8266
38.8526
38.8785
38.9045
38.9305
38.9565
38.9824
39.0082
39.0341
39.0599
39.0858
39.1117
39.1374
39.1632
39.189
39.2147
39.2405
39.2662
39.2919
39.3175
39.3432
39.3688
39.3943
39.42
39.4455
39.4711
39.4967
39.5222
39.5492
39.5747
39.6001
39.6256
39.6516
39.677
39.7024
39.7278
39.7532
39.7787
39.8041
39.8294
39.8547
39.88
39.9052
39.9306
39.9558
39.9811
40.0063
40.0316
40.0568
40.082
40.1071
40.1323
40.1575
40.1826
40.2078
40.2328
40.2579
40.2829
40.308
40.333
40.358
40.383
40.408
40.4329
40.458
40.4829
40.5079
40.5331
40.558
40.5829
40.6078
40.6327
40.6579
40.6827
40.7076
40.7324
40.7573
40.7821
40.8069
40.8316
40.8564
40.881
40.9057
40.9304
40.9551
40.9797
41.0043
41.029
41.0535
41.0782
41.1028
41.1274
41.1519
41.1765
41.2024
41.2269
41.2513
41.2759
41.3004
41.3248
41.3493
41.3737
41.3981
41.4225
41.4468
41.4711
41.4954
41.5199
41.5442
41.5684
41.5926
41.6169
41.6412
41.6654
41.6898
41.714
41.7382
41.7624
41.7866
41.8107
41.8348
41.8589
41.8842
41.9086
41.9326
41.9569
41.981
42.005
42.0291
42.0531
42.0772
42.1012
42.1252
42.1492
42.1731
42.197
42.221
42.2449
42.2688
42.2927
42.3166
42.3406
42.3645
42.3884
42.4124
42.4362
42.46
42.4837
42.5075
42.5314
42.5554
42.5791
42.6028
42.6265
42.6502
42.6741
42.6977
42.7213
42.745
42.7686
42.7923
42.8159
42.8396
42.8632
42.8868
42.9102
42.9338
42.9574
42.9809
43.0044
43.028
43.0516
43.0751
43.0986
43.1223
43.1457
43.1691
43.1925
43.2159
43.2392
43.2626
43.2859
43.3093
43.3326
43.356
43.3793
43.4027
43.426
43.4492
43.4726
43.4959
43.5195
43.5429
43.5661
43.5893
43.6125
43.6358
43.659
43.6821
43.7053
43.7284
43.7515
43.7745
43.7975
43.8206
43.8437
43.8668
43.8898
43.9128
43.9358
43.9589
43.9818
44.0048
44.0278
44.0508
44.0738
44.0968
44.1198
44.1428
44.1656
44.1885
44.2114
44.2344
44.2574
44.2804
44.3033
44.3261
44.349
44.3718
44.3946
44.4174
44.4401
44.4629
44.4856
44.5084
44.5311
44.5541
44.5771
44.5998
44.6224
44.6451
44.6682
44.6908
44.7134
44.736
44.7589
44.7814
44.8046
44.8271
44.8497
44.8723
44.8947
44.9175
44.94
44.9625
44.985
45.0074
45.0299
45.0523
45.0747
45.0971
45.1195
45.1418
45.1643
45.1866
45.209
45.2314
45.2537
45.276
45.2983
45.3206
45.3429
45.3652
45.3874
45.4098
45.432
45.4542
45.4764
45.4987
45.5209
45.543
45.5651
45.5872
45.6093
45.6315
45.6536
45.6757
45.6977
45.7198
45.7418
45.764
45.7861
45.8081
45.8301
45.8521
45.8741
45.896
45.918
45.9402
45.9622
45.9841
46.006
46.0279
46.0499
46.0718
46.0937
46.1156
46.1374
46.1593
46.1811
46.203
46.2249
46.2467
46.2686
46.2904
46.3123
46.334
46.3558
46.3777
46.3994
46.4212
46.443
46.4647
46.4864
46.5081
46.5298
46.5514
46.5731
46.5947
46.6165
46.6382
46.6598
46.6815
46.7031
46.7247
46.7464
46.768
46.7897
46.8112
46.8328
46.8544
46.8759
46.8974
46.9189
46.9404
46.962
46.9835
47.005
47.0265
47.0479
47.0694
47.0909
47.1123
47.1338
47.1552
47.1767
47.1981
47.2196
47.241
47.2624
47.2838
47.3051
47.3264
47.3477
47.3691
47.3904
47.4117
47.4331
47.4544
47.4756
47.4968
47.5181
47.5393
47.5606
47.5818
47.603
47.6242
47.6455
47.6667
47.6878
47.709
47.7302
47.7514
47.7725
47.7936
47.8148
47.8359
47.857
47.8781
47.8992
47.9203
47.9414
47.9624
47.9834
48.0045
48.0255
48.0465
48.0675
48.0886
48.1095
48.1306
48.1516
48.1726
48.1935
48.2145
48.2354
48.2564
48.2773
48.2982
48.3191
48.3401
48.361
48.3818
48.4027
48.4235
48.4444
48.4652
48.4861
48.5069
48.5278
48.5487
48.5695
48.5903
48.6111
48.6319
48.6526
48.6734
48.6942
48.715
48.7357
48.7564
48.7771
48.7978
48.8185
48.8392
48.8599
48.8806
48.9013
48.9219
48.9426
48.9632
48.9839
49.0045
49.0253
49.0459
49.0665
49.0871
49.1076
49.1282
49.1488
49.1693
49.1899
49.2104
49.2309
49.2514
49.272
49.2925
49.313
49.3335
49.3539
49.3743
49.3949
49.4155
49.436
49.4586
49.479
49.4994
49.5199
49.5405
49.5609
49.5817
49.602
49.6224
49.6428
49.6632
49.6835
49.7039
49.7242
49.7445
49.7649
49.7853
49.8056
49.8259
49.8462
49.8665
49.8868
49.9072
49.9275
49.9477
49.9679
49.9881
50.0084
50.0286
50.0488
50.0689
50.0892
50.1093
50.1295
50.1496
50.1698
50.1899
50.21
50.2302
50.2503
50.2704
50.2906
50.3106
50.3307
50.3508
50.3709
50.3909
50.411
50.431
50.451
50.4711
50.4911
50.5111
50.5312
50.5511
50.5711
50.5911
50.611
50.631
50.6509
50.6709
50.6909
50.711
50.731
50.7509
50.7708
50.7907
50.8109
50.8308
50.8507
50.8706
50.8904
50.9103
50.9301
50.95
50.9699
50.9899
51.0098
51.0296
51.0493
51.0691
51.0889
51.1086
51.1284
51.1481
51.1679
51.1876
51.2073
51.2271
51.2469
51.2666
51.2862
51.306
51.3257
51.3454
51.365
51.3847
51.4044
51.4241
51.4438
51.4634
51.4832
51.5028
51.5225
51.5421
51.5618
51.5814
51.601
51.6206
51.6401
51.6597
51.6792
51.6989
51.7184
51.7379
51.7574
51.7769
51.7964
51.8159
51.8354
51.8549
51.8743
51.8938
51.9132
51.9327
51.9521
51.9715
51.991
52.0104
52.0299
52.0493
52.0686
52.088
52.1074
52.1267
52.1461
52.1654
52.185
52.2043
52.2237
52.2431
52.2624
52.2818
52.3011
52.3203
52.3396
52.359
52.3782
52.3976
52.4169
52.4361
52.4554
52.4747
52.494
52.5132
52.5325
52.5517
52.5709
52.5901
52.6094
52.6286
52.6478
52.667
52.6862
52.7054
52.7247
52.7438
52.763
52.7822
52.8014
52.8205
52.8396
52.8588
52.8779
52.897
52.9161
52.9352
52.9542
52.9733
52.9923
53.0118
53.0309
53.0499
53.069
53.088
53.1071
53.1262
53.1452
53.1642
53.1832
53.2022
53.2212
53.2402
53.2593
53.2783
53.2972
53.3161
53.3351
53.3541
53.373
53.3919
53.4108
53.4298
53.4487
53.4675
53.4865
53.5056
53.5245
53.5434
53.5622
53.5815
53.6006
53.6195
53.6383
53.6572
53.6761
53.6949
53.7137
53.7326
53.7514
53.7702
53.789
53.8079
53.8266
53.8454
53.8641
53.8828
53.9016
53.9204
53.9391
53.9578
53.9765
53.9958
54.0144
54.0331
54.0519
54.0706
54.0893
54.108
54.1267
54.1456
54.1642
54.1829
54.2015
54.2202
54.2389
54.2577
54.2764
54.295
54.3136
54.3322
54.3508
54.3695
54.3881
54.4067
54.4254
54.444
54.463
54.4815
54.5001
54.5186
54.5372
54.5557
54.5742
54.5928
54.6112
54.6298
54.6483
54.6668
54.6855
54.704
54.7224
54.7409
54.7593
54.7778
54.7962
54.8146
54.8331
54.8515
54.8699
54.8884
54.9067
54.9251
54.9436
54.962
54.9804
54.9988
55.0172
55.0357
55.054
55.0724
55.0909
55.1092
55.1275
55.1458
55.1642
55.1826
55.2009
55.2192
55.2376
55.2559
55.2741
55.2924
55.3109
55.3291
55.3474
55.3656
55.3838
55.4022
55.4206
55.4388
55.457
55.4753
55.4935
55.5117
55.5299
55.5482
55.5664
55.5845
55.6027
55.6209
55.6392
55.6573
55.6755
55.6937
55.712
55.7301
55.7482
55.7663
55.7845
55.8026
55.8208
55.8389
55.8591
55.8772
55.8954
55.9135
55.9316
55.9499
55.968
55.9861
56.0041
56.0221
56.0402
56.0582
56.0762
56.0942
56.1124
56.1303
56.1484
56.1664
56.1844
56.2025
56.2204
56.2384
56.2563
56.2743
56.2923
56.3102
56.3282
56.3461
56.3643
56.3822
56.4001
56.418
56.436
56.4539
56.4718
56.4897
56.5075
56.5254
56.5433
56.5611
56.5791
56.5972
56.6151
56.6329
56.6508
56.6687
56.6866
56.7044
56.7222
56.7401
56.7579
56.7758
56.7936
56.8115
56.8292
56.847
56.8647
56.8825
56.9003
56.918
56.9358
56.9536
56.9715
56.9892
57.0069
57.0246
57.0424
57.0601
57.0778
57.0955
57.1132
57.1308
57.1485
57.1662
57.1839
57.2016
57.2192
57.2368
57.2545
57.2721
57.2897
57.3074
57.3251
57.3427
57.3603
57.378
57.3955
57.4131
57.4307
57.4483
57.4659
57.4837
57.5012
57.5189
57.5365
57.554
57.5716
57.5892
57.6068
57.6243
57.6419
57.6594
57.6771
57.6946
57.7122
57.7297
57.7472
57.7646
57.7821
57.7996
57.8171
57.8346
57.852
57.8696
57.887
57.9047
57.9221
57.9396
57.9571
57.9746
57.992
58.0094
58.0268
58.0442
58.0616
58.079
58.0964
58.1138
58.1312
58.1486
58.166
58.1833
58.2007
58.218
58.2354
58.2527
58.2701
58.2874
58.3047
58.322
58.3394
58.3567
58.374
58.3913
58.4086
58.4259
58.4432
58.4606
58.4778
58.4951
58.5124
58.5296
58.5469
58.5642
58.5815
58.5987
58.6159
58.6332
58.6504
58.6677
58.6849
58.7021
58.7193
58.7365
58.7538
58.771
58.7882
58.8054
58.8226
58.8398
58.8569
58.8741
58.8913
58.9085
58.9256
58.9428
58.9599
58.9771
58.9943
59.0114
59.0285
59.0457
59.0629
59.0801
59.0972
59.1143
59.1314
59.1485
59.1656
59.1827
59.1998
59.2168
59.2341
59.2512
59.2683
59.2854
59.3034
59.3205
59.3375
59.3545
59.3716
59.3886
59.4057
59.4228
59.4398
59.4568
59.4738
59.4908
59.5077
59.5248
59.5417
59.5588
59.5758
59.5928
59.6097
59.6267
59.6436
59.6606
59.6776
59.6945
59.7115
59.7284
59.7454
59.7623
59.7793
59.7962
59.8131
59.83
59.8469
59.8638
59.8807
59.8975
59.9144
59.9313
59.9482
59.965
59.982
59.9989
60.0158
60.0326
60.0495
60.0663
60.0832
60.1001
60.117
60.1338
60.1506
60.1674
60.1842
60.201
60.2178
60.2346
60.2514
60.2683
60.2851
60.3018
60.3186
60.3354
60.3521
60.3688
60.3857
60.4024
60.4192
60.4359
60.4527
60.4695
60.4862
60.503
60.5198
60.5366
60.5534
60.5701
60.5868
60.6035
60.6202
60.6369
60.6536
60.6702
60.6869
60.7035
60.7202
60.7368
60.7535
60.7702
60.7868
60.8034
60.8201
60.8368
60.8534
60.87
60.8866
60.9032
60.9198
60.9364
60.953
60.9696
60.9863
61.0028
61.0195
61.036
61.0526
61.0691
61.0857
61.1022
61.1188
61.1354
61.1519
61.1686
61.1851
61.2016
61.2183
61.2349
61.2514
61.268
61.2845
61.301
61.3175
61.3339
61.3505
61.3669
61.3835
61.4
61.4165
61.433
61.4494
61.4658
61.4823
61.4987
61.5152
61.5316
61.5481
61.5645
61.5809
61.5974
61.6138
61.6302
61.6466
61.663
61.6794
61.6958
61.7122
61.7286
61.745
61.7613
61.7777
61.7942
61.8105
61.8269
61.8433
61.8597
61.8761
61.8924
61.9088
61.9252
61.9416
61.9579
61.9742
61.9906
62.0069
62.0232
62.0396
62.0559
62.0721
62.0884
62.1047
62.121
62.1373
62.1536
62.1699
62.1861
62.2024
62.2187
62.235
62.2513
62.2675
62.2838
62.3
62.3162
62.3325
62.3489
62.3652
62.3814
62.3976
62.4139
62.4301
62.4463
62.4625
62.4787
62.4949
62.5113
62.5276
62.5437
62.5598
62.576
62.5922
62.6083
62.6244
62.6407
62.6568
62.673
62.6892
62.7053
62.7214
62.7375
62.7537
62.7698
62.7859
62.8021
62.8182
62.8343
62.8504
62.8665
62.8826
62.8987
62.9148
62.9308
62.9469
62.963
62.979
62.9951
63.0111
63.0272
63.0432
63.0592
63.0752
63.0912
63.1073
63.1233
63.1393
63.1554
63.1714
63.1875
63.2034
63.2194
63.2355
63.2515
63.2676
63.2836
63.2997
63.3157
63.3317
63.3485
63.3645
63.3805
63.3965
63.4124
63.4284
63.4444
63.4606
63.4765
63.4926
63.5086
63.5245
63.5405
63.5564
63.5723
63.5882
63.6041
63.6203
63.6364
63.6522
63.6682
63.6841
63.7001
63.7159
63.7317
63.7476
63.7634
63.7793
63.7951
63.8109
63.8268
63.8426
63.8585
63.8743
63.8901
63.9059
63.9217
63.9375
63.9533
63.9691
63.9849
64.0007
64.0165
64.0323
64.0481
64.064
64.0798
64.0956
64.1113
64.1271
64.1429
64.1586
64.1743
64.1901
64.2058
64.2216
64.2373
64.2531
64.2688
64.2845
64.3002
64.316
64.3316
64.3473
64.363
64.3787
64.3944
64.4101
64.4258
64.4415
64.4572
64.4729
64.4885
64.5043
64.5199
64.5356
64.5513
64.567
64.5826
64.5984
64.614
64.6296
64.6453
64.6609
64.6766
64.6922
64.7078
64.7235
64.7392
64.7547
64.7705
64.786
64.8016
64.8172
64.8329
64.8484
64.864
64.8796
64.8952
64.9108
64.9264
64.942
64.9576
64.9733
64.9888
65.0044
65.0201
65.0356
65.0512
65.0668
65.0823
65.0979
65.1136
65.1292
65.1447
65.1603
65.1758
65.1914
65.2069
65.2224
65.2379
65.2534
65.269
65.2845
65.2999
65.3155
65.331
65.3465
65.362
65.3775
65.3931
65.4085
65.4242
65.4396
65.4551
65.4706
65.4861
65.5014
65.5169
65.5323
65.5478
65.5632
65.5789
65.5943
65.6097
65.6251
65.6405
65.6559
65.6713
65.6867
65.7021
65.7175
65.7329
65.7483
65.7637
65.7791
65.7945
65.8099
65.8253
65.8406
65.856
65.8716
65.8869
65.9024
65.9177
65.9331
65.9484
65.9638
65.9791
65.9945
66.0098
66.0252
66.0405
66.0559
66.0713
66.0866
66.1019
66.1172
66.1325
66.1478
66.1631
66.1784
66.1938
66.2091
66.2243
66.2396
66.2549
66.2702
66.2855
66.3007
66.3159
66.3312
66.3464
66.3617
66.3769
66.3921
66.4074
66.4226
66.4378
66.4531
66.4685
66.4838
66.499
66.5143
66.5295
66.5451
66.5604
66.5757
66.5908
66.606
66.6212
66.6364
66.6515
66.6667
66.6819
66.6972
66.7124
66.7275
66.7427
66.7578
66.773
66.7881
66.8033
66.8185
66.8336
66.8488
66.864
66.8791
66.8942
66.9093
66.9245
66.9396
66.9548
66.9699
66.9849
67.0001
67.0153
67.0303
67.0455
67.0606
67.0757
67.0908
67.1059
67.1209
67.136
67.1511
67.1662
67.1813
67.1964
67.2114
67.2265
67.2415
67.2565
67.2715
67.2866
67.3017
67.3167
67.3319
67.347
67.3619
67.377
67.392
67.4072
67.4222
67.4373
67.4523
67.4673
67.4823
67.4973
67.5123
67.5273
67.5423
67.5572
67.5722
67.5872
67.6022
67.6171
67.6321
67.647
67.6622
67.6771
67.6921
67.707
67.722
67.7371
67.752
67.767
67.7819
67.7968
67.8117
67.8267
67.8417
67.8566
67.8716
67.8865
67.9014
67.9163
67.9313
67.9462
67.961
67.976
67.9908
68.0057
68.0206
68.0354
68.0503
68.0651
68.08
68.0949
68.1097
68.1246
68.1395
68.1544
68.1692
68.1841
68.199
68.2138
68.2286
68.2434
68.2582
68.273
68.2879
68.3027
68.3176
68.3326
68.3474
68.3622
68.377
68.3918
68.4066
68.4215
68.4363
68.4512
68.4664
68.4811
68.4959
68.5107
68.5254
68.5402
68.5549
68.5697
68.5844
68.5992
68.6139
68.6287
68.6434
68.6581
68.6729
68.6876
68.7023
68.7171
68.7319
68.7466
68.7614
68.7761
68.791
68.8057
68.8204
68.8351
68.8498
68.8645
68.8792
68.8938
68.9085
68.9232
68.9379
68.9529
68.9675
68.9822
68.9969
69.0116
69.0262
69.0409
69.0555
69.0702
69.0849
69.0997
69.1143
69.129
69.1436
69.1582
69.1728
69.1875
69.2021
69.2168
69.2314
69.2461
69.2608
69.2754
69.29
69.3046
69.3193
69.3339
69.3485
69.363
69.3776
69.3922
69.4069
69.4215
69.436
69.4506
69.4652
69.4798
69.4944
69.5089
69.5235
69.5382
69.5528
69.568
69.5825
69.5971
69.6116
69.6261
69.6407
69.6553
69.6699
69.6844
69.6989
69.7135
69.728
69.7425
69.7571
69.7716
69.7861
69.8006
69.8152
69.8297
69.8441
69.8587
69.8732
69.8877
69.9022
69.9168
69.9313
69.9459
69.9604
69.9749
69.9894
70.0039
70.0183
70.0329
70.0473
70.0618
70.0763
70.0908
70.1052
70.1196
70.1341
70.1485
70.163
70.1774
70.1919
70.2063
70.2208
70.2352
70.2497
70.2641
70.2785
70.2929
70.3073
70.3217
70.3361
70.3505
70.3649
70.3793
70.3937
70.4081
70.4225
70.4368
70.4512
70.4655
70.4799
70.4943
70.509
70.5234
70.5377
70.5521
70.5664
70.5807
70.5951
70.6095
70.6238
70.6383
70.6526
70.667
70.6814
70.6956
70.71
70.7244
70.7386
70.7529
70.7672
70.7816
70.7962
70.8105
70.8247
70.839
70.8533
70.8675
70.8818
70.8961
70.9103
70.9246
70.9389
70.9532
70.9675
70.9817
70.9961
71.0103
71.0246
71.0389
71.0534
71.0676
71.0821
71.0964
71.1106
71.1251
71.1395
71.1538
71.1681
71.1823
71.1965
71.2108
71.2249
71.2392
71.2535
71.2677
71.282
71.2962
71.3104
71.3246
71.3388
71.353
71.3672
71.3813
71.3955
71.4097
71.4239
71.4381
71.4523
71.4664
71.4806
71.4947
71.5089
71.5231
71.5372
71.5514
71.5657
71.5798
71.594
71.6146
71.6287
71.6428
71.657
71.6711
71.6852
71.6993
71.7134
71.7275
71.7417
71.7557
71.7699
71.784
71.8027
71.8168
71.8311
71.8452
71.8593
71.8734
71.8875
71.9016
71.9157
71.9298
71.9438
71.9579
71.972
71.986
72.0001
72.0141
72.0283
72.0424
72.0565
72.0705
72.0846
72.0986
72.1126
72.1267
72.1408
72.1548
72.1688
72.1828
72.1969
72.211
72.2251
72.2392
72.2533
72.2673
72.2812
72.2953
72.3092
72.3234
72.3374
72.3516
72.3656
72.3796
72.3936
72.4076
72.4216
72.4355
72.4495
72.4635
72.4775
72.4914
72.5054
72.5193
72.5333
72.5473
72.5612
72.5752
72.5891
72.6031
72.617
72.6309
72.6449
72.6588
72.6727
72.6867
72.7006
72.7145
72.7285
72.7424
72.7563
72.7702
72.7841
72.798
72.812
72.8259
72.8399
72.8538
72.8677
72.8816
72.8955
72.9094
72.9233
72.9372
72.9511
72.9649
72.9789
72.9928
73.0066
73.0205
73.0344
73.0482
73.0622
73.0762
73.0901
73.104
73.1178
73.1316
73.1456
73.1595
73.1733
73.1871
73.201
73.2149
73.2287
73.2425
73.2567
73.2708
73.2846
73.2984
73.3122
73.326
73.3398
73.3537
73.3675
73.3812
73.395
73.4088
73.4226
73.4364
73.4502
73.464
73.4777
73.4915
73.5053
73.5191
73.5329
73.5466
73.5604
73.5742
73.588
73.6018
73.6155
73.6293
73.6431
73.6569
73.6707
73.6845
73.6983
73.7121
73.7258
73.7396
73.7534
73.7671
73.7809
73.7946
73.8084
73.8221
73.8358
73.8496
73.8633
73.877
73.8907
73.9044
73.9182
73.9319
73.9457
73.9594
73.9731
73.9869
74.0006
74.0142
74.0279
74.0416
74.0554
74.069
74.0827
74.0964
74.1115
74.1252
74.1389
74.1525
74.1661
74.1798
74.1934
74.2071
74.2208
74.2344
74.248
74.2616
74.2753
74.2888
74.3025
74.3161
74.3297
74.3433
74.357
74.3706
74.3842
74.3978
74.4114
74.425
74.4386
74.4525
74.4661
74.4797
74.4933
74.5069
74.5205
74.5341
74.5477
74.5612
74.5748
74.5884
74.6022
74.6157
74.6294
74.6429
74.6567
74.6703
74.6838
74.6974
74.711
74.7246
74.7381
74.7517
74.7652
74.7787
74.7923
74.8058
74.8194
74.8329
74.8464
74.8599
74.8734
74.887
74.9005
74.9141
74.9275
74.9411
74.9546
74.9681
74.9817
74.9952
75.0087
75.0222
75.0358
75.0492
75.0628
75.0763
75.0898
75.1032
75.1168
75.1303
75.1439
75.1573
75.1709
75.1844
75.1979
75.2113
75.2249
75.2384
75.2518
75.2653
75.2787
75.2923
75.3057
75.3191
75.3326
75.346
75.3616
75.3752
75.3886
75.4021
75.4156
75.429
75.4424
75.4558
75.4693
75.4833
75.4967
75.5101
75.5236
75.537
75.5504
75.5639
75.5773
75.5907
75.6041
75.6176
75.631
75.6445
75.6578
75.6714
75.6847
75.6981
75.7115
75.7249
75.7383
75.7517
75.7652
75.7785
75.7919
75.8053
75.8187
75.8321
75.8454
75.8588
75.8721
75.8862
75.8996
75.9129
75.9263
75.9396
75.9529
75.9663
75.9797
75.993
76.0063
76.0198
76.0331
76.0465
76.0598
76.0731
76.0864
76.0997
76.113
76.1264
76.1397
76.153
76.1663
76.1796
76.1933
76.2066
76.2199
76.2332
76.2465
76.2598
76.2731
76.2865
76.2999
76.3132
76.3265
76.3398
76.3531
76.3663
76.3796
76.3929
76.4061
76.4194
76.4327
76.4459
76.4591
76.4724
76.4857
76.499
76.5123
76.5255
76.5387
76.552
76.5652
76.5785
76.5917
76.605
76.6182
76.6317
76.645
76.6582
76.6714
76.6847
76.6979
76.7112
76.7245
76.7378
76.751
76.7642
76.7774
76.7906
76.8038
76.817
76.8302
76.8435
76.8567
76.8699
76.8831
76.8962
76.9094
76.9227
76.9359
76.9491
76.9623
76.9755
76.9887
77.0021
77.0153
77.0285
77.0418
77.0549
77.0681
77.0813
77.0945
77.1076
77.1208
77.1339
77.1471
77.1603
77.1734
77.1866
77.1997
77.2128
77.2261
77.2391
77.2522
77.2654
77.2786
77.2917
77.3048
77.3179
77.3311
77.3441
77.3572
77.3703
77.3834
77.3965
77.4096
77.4227
77.4358
77.4488
77.4619
77.4749
77.488
77.501
77.5141
77.5272
77.5402
77.5533
77.5663
77.5794
77.5925
77.6055
77.6186
77.6317
77.6447
77.6578
77.6708
77.6839
77.6969
77.7099
77.7229
77.736
77.7491
77.7621
77.7751
77.7883
77.8013
77.8143
77.8273
77.8404
77.8534
77.8664
77.8794
77.8924
77.9055
77.9185
77.9315
77.9445
77.9575
77.9705
77.9835
77.9965
78.0094
78.0224
78.0354
78.0484
78.0613
78.0743
78.0873
78.1002
78.1132
78.1262
78.1392
78.1522
78.1651
78.1781
78.191
78.204
78.217
78.23
78.243
78.2559
78.2689
78.2818
78.295
78.3079
78.3209
78.3338
78.3467
78.3596
78.3726
78.3856
78.3986
78.4115
78.4244
78.4373
78.4503
78.4632
78.4761
78.489
78.5019
78.5149
78.5277
78.5407
78.5536
78.5666
78.5796
78.5924
78.6054
78.6182
78.6311
78.644
78.6568
78.6698
78.6827
78.6955
78.7084
78.7213
78.7341
78.747
78.7598
78.7727
78.7856
78.7984
78.8113
78.8241
78.837
78.8498
78.8627
78.8755
78.8884
78.9012
78.914
78.9269
78.9397
78.9526
78.9655
78.9783
78.9912
79.0041
79.0169
79.0297
79.0425
79.0554
79.0683
79.081
79.0939
79.1067
79.1195
79.1322
79.145
79.1578
79.1709
79.1836
79.1965
79.2093
79.2221
79.2348
79.2476
79.2604
79.2732
79.286
79.2988
79.3116
79.3245
79.3372
79.35
79.3628
79.3755
79.3883
79.4011
79.4139
79.4268
79.4396
79.4524
79.4653
79.478
79.4908
79.5035
79.5162
79.529
79.5417
79.5545
79.5672
79.58
79.5927
79.6055
79.6182
79.6309
79.6439
79.6566
79.6693
79.6822
79.6949
79.7076
79.7203
79.733
79.7457
79.7585
79.7711
79.7839
79.7966
79.8094
79.8231
79.8357
79.8484
79.8612
79.8739
79.8866
79.8993
79.912
79.9246
79.9374
79.9501
79.9627
79.9754
79.9882
80.0008
80.0135
80.0262
80.0389
80.0515
80.0642
80.0768
80.0895
80.1021
80.1148
80.1275
80.1401
80.153
80.1656
80.1785
80.1911
80.2038
80.2165
80.2291
80.2419
80.2545
80.2671
80.2798
80.2938
80.3064
80.319
80.3317
80.3443
80.3569
80.3695
80.3821
80.3947
80.4073
80.4219
80.4345
80.4473
80.4598
80.4726
80.4852
80.4977
80.5105
80.5231
80.5356
80.5482
80.5608
80.5733
80.5859
80.5985
80.611
80.6236
80.6362
80.6488
80.6613
80.6738
80.6864
80.699
80.7115
80.724
80.7366
80.7492
80.7617
80.7742
80.7868
80.7993
80.8119
80.8244
80.837
80.8496
80.8621
80.8746
80.8872
80.8997
80.9123
80.9248
80.9373
80.9498
80.9624
80.975
80.9875
81
81.0125
81.025
81.0376
81.0501
81.0626
81.0751
81.0877
81.1003
81.1128
81.1253
81.1377
81.1502
81.1627
81.1752
81.1877
81.2003
81.2127
81.2253
81.2377
81.2502
81.2627
81.2752
81.2877
81.3002
81.3127
81.3252
81.3376
81.35
81.3625
81.3749
81.3874
81.3999
81.4123
81.4248
81.4372
81.4497
81.4622
81.4746
81.487
81.4995
81.512
81.5244
81.5368
81.5492
81.5616
81.5741
81.5865
81.5989
81.6117
81.6241
81.6365
81.649
81.6614
81.6738
81.6861
81.6985
81.7109
81.7233
81.7357
81.7481
81.7605
81.7729
81.7853
81.7978
81.8101
81.8225
81.8349
81.8473
81.8596
81.872
81.8843
81.8967
81.9091
81.9214
81.9338
81.9461
81.9585
81.9708
81.9832
81.9956
82.0079
82.0203
82.0327
82.045
82.0573
82.0697
82.082
82.0943
82.1067
82.1191
82.1314
82.1438
82.1561
82.1685
82.1808
82.1931
82.2054
82.2177
82.23
82.2424
82.2547
82.267
82.2793
82.2917
82.304
82.3164
82.3287
82.341
82.3533
82.3656
82.3779
82.3901
82.4025
82.4148
82.4271
82.4394
82.4517
82.464
82.4762
82.4886
82.5009
82.5131
82.5254
82.5377
82.5499
82.5622
82.5746
82.5868
82.5991
82.6115
82.6237
82.636
82.6482
82.6604
82.6728
82.6851
82.6975
82.7097
82.722
82.7342
82.7464
82.7587
82.771
82.7832
82.7954
82.8077
82.8199
82.8321
82.8443
82.8565
82.8688
82.881
82.8932
82.9054
82.9176
82.9298
82.942
82.9542
82.9664
82.9786
82.9908
83.003
83.0152
83.0275
83.0396
83.0519
83.064
83.0762
83.0884
83.1006
83.1129
83.1251
83.1373
83.1494
83.1616
83.1738
83.186
83.1981
83.2103
83.2225
83.2346
83.2468
83.259
83.2712
83.2833
83.2954
83.3076
83.3197
83.3319
83.344
83.3562
83.3683
83.3805
83.3926
83.4047
83.4168
83.429
83.4412
83.4533
83.4654
83.4776
83.4897
83.5018
83.5139
83.5261
83.5382
83.5504
83.5625
83.5748
83.5869
83.5991
83.6112
83.6238
83.6359
83.648
83.6601
83.6722
83.6843
83.6964
83.7086
83.7208
83.7329
83.7449
83.7571
83.7691
83.7812
83.7933
83.8055
83.8176
83.8297
83.8418
83.8539
83.8659
83.878
83.8901
83.9023
83.9143
83.9264
83.9389
83.951
83.9632
83.9753
83.9875
83.9996
84.0117
84.0238
84.0358
84.0479
84.06
84.0721
84.0842
84.0963
84.1083
84.1204
84.1324
84.1449
84.1569
84.169
84.181
84.193
84.2051
84.2171
84.2292
84.2415
84.2535
84.2655
84.2775
84.2895
84.3016
84.3136
84.3256
84.3376
84.3496
84.3616
84.3736
84.3856
84.3975
84.4095
84.4215
84.4336
84.4456
84.4576
84.4695
84.4815
84.4935
84.5055
84.5175
84.5295
84.5415
84.5535
84.5656
84.5776
84.5896
84.6016
84.6135
84.6256
84.6376
84.6496
84.6615
84.6735
84.6855
84.6974
84.7094
84.7214
84.7333
84.7453
84.7572
84.7692
84.7812
84.7931
84.8051
84.817
84.8291
84.841
84.853
84.8649
84.8769
84.8888
84.9008
84.9128
84.9248
84.9367
84.9487
84.9606
84.9725
84.9844
84.9964
85.0083
85.0202
85.0321
85.044
85.0559
85.0678
85.0798
85.0917
85.1036
85.1155
85.1276
85.1395
85.1513
85.1632
85.1751
85.187
85.1989
85.2108
85.2227
85.2346
85.2465
85.2584
85.2703
85.2821
85.294
85.3059
85.3178
85.3296
85.3415
85.3533
85.3661
85.378
85.3899
85.4017
85.4136
85.4254
85.4373
85.4491
85.461
85.4729
85.4848
85.4966
85.5084
85.5203
85.5322
85.544
85.5559
85.5677
85.5796
85.5914
85.6032
85.615
85.627
85.6389
85.6507
85.6625
85.6743
85.6862
85.698
85.71
85.7218
85.7336
85.7454
85.7573
85.7691
85.7809
85.7927
85.8045
85.8164
85.8282
85.84
85.8519
85.8637
85.8755
85.8872
85.899
85.9109
85.9228
85.9346
85.9464
85.9582
85.97
85.9818
85.9936
86.0054
86.0172
86.0289
86.0407
86.0524
86.0642
86.076
86.0877
86.0995
86.1113
86.123
86.1348
86.1466
86.1584
86.1702
86.182
86.1937
86.2055
86.2173
86.2291
86.2408
86.2525
86.2643
86.276
86.2878
86.2995
86.3113
86.3231
86.3348
86.3465
86.3584
86.3701
86.3818
86.3935
86.4053
86.417
86.4288
86.4405
86.4522
86.4639
86.4757
86.4875
86.4992
86.5109
86.5226
86.5343
86.546
86.5577
86.5694
86.5812
86.5929
86.6046
86.6163
86.6281
86.6398
86.6516
86.6633
86.6751
86.6868
86.6985
86.7102
86.7219
86.7335
86.7452
86.7569
86.7686
86.7803
86.792
86.8037
86.8153
86.8271
86.8387
86.8506
86.8623
86.8739
86.8857
86.8973
86.909
86.9208
86.9324
86.9443
86.9559
86.9677
86.9793
86.991
87.0026
87.0143
87.0259
87.0376
87.0492
87.0609
87.0725
87.0842
87.0958
87.1077
87.1193
87.1309
87.1426
87.1542
87.1659
87.1776
87.1892
87.2009
87.2126
87.2242
87.2359
87.2475
87.2592
87.2711
87.2829
87.2945
87.3061
87.3177
87.3295
87.341
87.3526
87.3642
87.3759
87.3876
87.3992
87.4109
87.4226
87.4342
87.4457
87.4574
87.469
87.4806
87.4921
87.5037
87.5154
87.527
87.5386
87.5502
87.5618
87.5733
87.5849
87.5965
87.608
87.6196
87.6312
87.6428
87.6543
87.6659
87.6774
87.6891
87.7006
87.7121
87.7237
87.7353
87.7468
87.7584
87.77
87.7815
87.7931
87.8046
87.8162
87.8277
87.8393
87.8509
87.8624
87.8739
87.8854
87.8969
87.9085
87.9199
87.9316
87.9431
87.9546
87.9661
87.9777
87.9892
88.0008
88.0123
88.0238
88.0353
88.0468
88.0587
88.0702
88.0817
88.0932
88.1047
88.1162
88.1277
88.1392
88.1508
88.1623
88.1738
88.1853
88.1968
88.2083
88.2198
88.2314
88.2429
88.2543
88.2658
88.2772
88.2888
88.3003
88.3118
88.3232
88.3347
88.3462
88.3577
88.3692
88.3806
88.3921
88.4036
88.415
88.4264
88.438
88.4494
88.4609
88.4723
88.4838
88.4952
88.5066
88.5181
88.5295
88.5409
88.5523
88.5638
88.5752
88.5866
88.5981
88.6095
88.6211
88.6325
88.6439
88.6553
88.6667
88.6782
88.6896
88.701
88.7124
88.7238
88.7352
88.7467
88.7581
88.7695
88.7808
88.7922
88.8036
88.815
88.8264
88.8378
88.8492
88.8606
88.872
88.8834
88.8947
88.9061
88.9175
88.9289
88.9403
88.9517
88.9631
88.9745
88.9858
88.9973
89.0087
89.0201
89.0315
89.0428
89.0542
89.0656
89.077
89.0883
89.0997
89.1112
89.1226
89.1339
89.1452
89.1567
89.1681
89.1795
89.1908
89.2022
89.2135
89.2249
89.2362
89.2476
89.2589
89.2703
89.2817
89.293
89.3044
89.3157
89.3271
89.3385
89.3499
89.3613
89.3726
89.3839
89.3952
89.4065
89.4178
89.4291
89.4405
89.4518
89.4631
89.4744
89.4857
89.497
89.5084
89.5197
89.531
89.5423
89.5537
89.565
89.5764
89.5877
89.599
89.6103
89.6216
89.6332
89.6444
89.6557
89.667
89.6783
89.6897
89.7009
89.7123
89.7236
89.7349
89.7462
89.7576
89.7689
89.7802
89.7914
89.8027
89.814
89.8253
89.8365
89.8479
89.8592
89.8705
89.8819
89.8931
89.9044
89.9157
89.927
89.9383
89.9495
89.9608
89.972
89.9832
89.9945
90.0058
90.017
90.0283
90.0395
90.0508
90.0624
90.0737
90.085
90.0962
90.1075
90.1188
90.13
90.1412
90.1525
90.1637
90.1749
90.1861
90.1974
90.2086
90.2198
90.231
90.2422
90.2537
90.2649
90.2761
90.2873
90.2985
90.3097
90.321
90.3322
90.3434
90.3546
90.3658
90.377
90.3882
90.3994
90.4106
90.4218
90.433
90.4442
90.4554
90.4666
90.4778
90.489
90.5002
90.5113
90.5225
90.5337
90.5449
90.5561
90.5672
90.5784
90.5896
90.6008
90.6119
90.6231
90.6343
90.6454
90.6566
90.6678
90.679
90.6901
90.7013
90.7125
90.7237
90.7348
90.746
90.7574
90.7686
90.7798
90.791
90.8021
90.8133
90.8244
90.8356
90.8468
90.8579
90.8691
90.8802
90.8914
90.9025
90.9136
90.9248
90.936
90.9471
90.9584
90.9695
90.9807
90.9918
91.003
91.0141
91.0253
91.0364
91.0475
91.0586
91.0698
91.0809
91.092
91.1031
91.1145
91.1256
91.1367
91.1479
91.159
91.17
91.1812
91.1923
91.2034
91.2145
91.2256
91.2367
91.2479
91.2589
91.27
91.2811
91.2922
91.3033
91.3143
91.3255
91.3366
91.3477
91.3587
91.3698
91.3809
91.3919
91.403
91.4141
91.4251
91.4362
91.4473
91.4583
91.4694
91.4804
91.4915
91.5025
91.5136
91.5246
91.5357
91.5468
91.5578
91.5689
91.58
91.591
91.6021
91.6131
91.6241
91.6352
91.6462
91.6573
91.6683
91.6794
91.6904
91.7015
91.7125
91.7235
91.7345
91.7456
91.7566
91.7676
91.7787
91.7897
91.8007
91.8118
91.8227
91.8338
91.8448
91.8558
91.8669
91.8779
91.8889
91.8999
91.911
91.922
91.933
91.9439
91.955
91.966
91.977
91.988
91.999
92.01
92.021
92.032
92.043
92.054
92.065
92.076
92.087
92.098
92.109
92.12
92.1309
92.1419
92.1529
92.1639
92.1749
92.1858
92.1968
92.2078
92.2188
92.2297
92.2407
92.2517
92.2626
92.2736
92.2845
92.2955
92.3065
92.3175
92.3284
92.3394
92.3504
92.3613
92.3723
92.3833
92.3942
92.4052
92.4162
92.4272
92.4381
92.449
92.46
92.471
92.4819
92.4929
92.5038
92.5147
92.5257
92.5366
92.5475
92.5585
92.5694
92.5803
92.5913
92.6022
92.6131
92.624
92.635
92.6459
92.6568
92.6677
92.6787
92.6896
92.7006
92.7115
92.7224
92.7333
92.7442
92.7551
92.766
92.777
92.7878
92.7988
92.8097
92.8206
92.8316
92.8425
92.8534
92.8643
92.8752
92.8861
92.897
92.9079
92.9187
92.9296
92.9405
92.9514
92.9623
92.9732
92.9841
92.995
93.0058
93.0167
93.0276
93.0385
93.0494
93.0602
93.0711
93.082
93.0929
93.1038
93.1146
93.1256
93.1365
93.1474
93.1582
93.1691
93.1799
93.1908
93.2017
93.2125
93.2234
93.2343
93.2451
93.256
93.2668
93.2777
93.2886
93.2994
93.3102
93.3211
93.332
93.3428
93.3536
93.3644
93.3753
93.3861
93.397
93.4078
93.4187
93.4295
93.4404
93.4512
93.462
93.4729
93.4837
93.4945
93.5053
93.5163
93.5271
93.5379
93.5488
93.5596
93.5704
93.5812
93.592
93.6028
93.6137
93.6245
93.6353
93.6461
93.6569
93.6677
93.6785
93.6893
93.7001
93.7109
93.7218
93.7325
93.7433
93.7541
93.7649
93.7757
93.7865
93.7973
93.8081
93.8189
93.8297
93.8405
93.8513
93.8621
93.8729
93.8837
93.8945
93.9053
93.9161
93.9268
93.9376
93.9484
93.9592
93.9701
93.9808
93.9916
94.0024
94.0132
94.024
94.0347
94.0455
94.0563
94.067
94.0778
94.0886
94.0993
94.1101
94.1209
94.1317
94.1424
94.1532
94.164
94.1748
94.1855
94.1963
94.207
94.2178
94.2285
94.2393
94.25
94.2608
94.2715
94.2822
94.293
94.3038
94.3148
94.3255
94.3362
94.347
94.3577
94.3685
94.3792
94.39
94.4007
94.4114
94.4222
94.433
94.4437
94.4546
94.4653
94.476
94.4867
94.4975
94.5082
94.5189
94.5297
94.5406
94.5512
94.562
94.5727
94.5834
94.5941
94.6048
94.6155
94.6263
94.637
94.6477
94.6584
94.6691
94.6798
94.6905
94.7011
94.7119
94.7225
94.7332
94.744
94.7546
94.7654
94.7761
94.7868
94.7975
94.8082
94.8189
94.8296
94.8403
94.8509
94.8616
94.8723
94.883
94.8936
94.9043
94.915
94.9257
94.9364
94.947
94.9577
94.9684
94.979
94.9897
95.0003
95.011
95.0216
95.0323
95.0429
95.0536
95.0642
95.0749
95.0855
95.0962
95.1068
95.1175
95.1282
95.1387
95.1494
95.1601
95.1707
95.1813
95.192
95.2026
95.2133
95.2239
95.2346
95.2452
95.2558
95.2665
95.2771
95.2877
95.2983
95.309
95.3196
95.3302
95.3409
95.3515
95.3621
95.3728
95.3835
95.3941
95.4047
95.4153
95.4259
95.4365
95.4472
95.4578
95.4684
95.479
95.4896
95.5002
95.5108
95.5214
95.532
95.5427
95.5533
95.5639
95.5745
95.5852
95.5959
95.6065
95.6171
95.6277
95.6383
95.6489
95.6594
95.67
95.6806
95.6912
95.7018
95.7124
95.723
95.7335
95.7442
95.7548
95.7654
95.776
95.7865
95.7971
95.8078
95.8183
95.8289
95.8395
95.8503
95.8608
95.8714
95.8819
95.8925
95.9031
95.9136
95.9241
95.9347
95.9452
95.9558
95.9664
95.9769
95.9874
95.998
96.0085
96.0191
96.0296
96.0401
96.0507
96.0612
96.0718
96.0823
96.0928
96.1034
96.1139
96.1245
96.135
96.1455
96.1561
96.1666
96.1773
96.1878
96.1984
96.2089
96.2194
96.2299
96.2404
96.2509
96.2615
96.272
96.2825
96.293
96.3035
96.314
96.3245
96.335
96.3455
96.356
96.3665
96.377
96.3876
96.398
96.4086
96.419
96.4295
96.44
96.4505
96.461
96.4715
96.482
96.4925
96.503
96.5135
96.524
96.5345
96.545
96.5555
96.566
96.5765
96.587
96.5974
96.608
96.6185
96.629
96.6394
96.6499
96.6603
96.6708
96.6813
96.6918
96.7022
96.7127
96.7232
96.7336
96.7441
96.7545
96.765
96.7755
96.7859
96.7964
96.8068
96.8173
96.8278
96.8383
96.8487
96.8592
96.8697
96.8801
96.8906
96.901
96.9115
96.922
96.9324
96.9429
96.9533
96.9638
96.9742
96.9846
96.9951
97.0055
97.016
97.0264
97.0369
97.0473
97.0577
97.0682
97.0786
97.0891
97.0995
97.1099
97.1204
97.1308
97.1413
97.1518
97.1623
97.1727
97.1831
97.1935
97.204
97.2144
97.2248
97.2352
97.2456
97.2561
97.2665
97.2769
97.2873
97.2977
97.3081
97.3185
97.3289
97.3393
97.3498
97.3602
97.3706
97.3811
97.3914
97.4018
97.4122
97.4226
97.433
97.4434
97.4538
97.4641
97.4746
97.4849
97.4953
97.5057
97.5161
97.5265
97.5369
97.5473
97.5577
97.5681
97.5784
97.5888
97.5992
97.6096
97.6199
97.6303
97.6407
97.6511
97.6615
97.6718
97.6821
97.6925
97.7029
97.7132
97.7236
97.734
97.7443
97.7547
97.765
97.7754
97.7857
97.7961
97.8065
97.8168
97.8272
97.8375
97.8479
97.8582
97.8686
97.8789
97.8892
97.8996
97.9099
97.9203
97.9307
97.941
97.9513
97.9616
97.972
97.9823
97.9927
98.003
98.0133
98.0236
98.034
98.0443
98.0546
98.065
98.0753
98.0856
98.0959
98.1063
98.1166
98.1269
98.1373
98.1476
98.1579
98.1684
98.1787
98.189
98.1993
98.2096
98.22
98.2302
98.2406
98.2509
98.2612
98.2715
98.2818
98.2921
98.3024
98.3127
98.323
98.3333
98.3436
98.3539
98.3642
98.3745
98.3848
98.3951
98.4053
98.4157
98.4259
98.4362
98.4465
98.4568
98.4671
98.4774
98.4877
98.4979
98.5082
98.5186
98.5288
98.5391
98.5494
98.5597
98.57
98.5803
98.5906
98.6008
98.6111
98.6214
98.6317
98.6419
98.6522
98.6625
98.6727
98.683
98.6932
98.7036
98.7138
98.7241
98.7343
98.7446
98.7549
98.7651
98.7754
98.7857
98.7959
98.8062
98.8165
98.8267
98.8369
98.8472
98.8574
98.8677
98.8779
98.8882
98.8984
98.9086
98.9189
98.9291
98.9394
98.9497
98.9598
98.9701
98.9804
98.9906
99.0008
99.011
99.0213
99.0315
99.0417
99.0519
99.0621
99.0723
99.0826
99.0928
99.103
99.1133
99.1235
99.1338
99.1439
99.1542
99.1644
99.1746
99.1848
99.195
99.2052
99.2154
99.2257
99.2359
99.2461
99.2563
99.2665
99.2767
99.2869
99.2971
99.3073
99.3176
99.3278
99.338
99.3482
99.3584
99.3686
99.3788
99.389
99.3992
99.4094
99.4196
99.4297
99.4399
99.4501
99.4603
99.4705
99.4807
99.4909
99.5011
99.5113
99.5215
99.5317
99.5418
99.552
99.5622
99.5723
99.5826
99.5927
99.6029
99.6132
99.6233
99.6335
99.6437
99.6539
99.664
99.6742
99.6844
99.6945
99.7046
99.7148
99.725
99.7351
99.7453
99.7554
99.7655
99.7757
99.7859
99.796
99.8061
99.8163
99.8264
99.8366
99.8467
99.8569
99.867
99.8771
99.8873
99.8974
99.9076
99.9177
99.9278
99.938
99.9481
99.9582
99.9684
99.9785
99.9887
99.9988
100.009
100.019
100.029
100.039
100.049
100.06
100.07
100.08
100.09
100.1
100.11
100.12
100.13
100.14
100.151
100.161
100.171
100.181
100.191
100.201
100.211
100.221
100.232
100.242
100.252
100.262
100.272
100.282
100.292
100.302
100.312
100.322
100.332
100.343
100.353
100.363
100.373
100.383
100.393
100.403
100.413
100.423
100.433
100.443
100.454
100.464
100.474
100.484
100.494
100.504
100.514
100.524
100.534
100.544
100.554
100.564
100.575
100.585
100.595
100.605
100.615
100.625
100.635
100.645
100.655
100.665
100.675
100.685
100.695
100.705
100.715
100.725
100.735
100.746
100.756
100.766
100.776
100.786
100.796
100.806
100.816
100.826
100.836
100.846
100.856
100.866
100.876
100.886
100.896
100.906
100.916
100.926
100.936
100.946
100.956
100.966
100.976
100.986
100.996
101.006
101.016
101.026
101.037
101.047
101.057
101.067
101.077
101.087
101.097
101.107
101.117
101.127
101.137
101.147
101.157
101.167
101.177
101.187
101.197
101.207
101.217
101.227
101.237
101.247
101.257
101.267
101.277
101.287
101.297
101.307
101.317
101.327
101.337
101.347
101.357
101.367
101.377
101.387
101.397
101.407
101.417
101.427
101.437
101.447
101.457
101.467
101.477
101.487
101.497
101.507
101.517
101.527
101.537
101.547
101.557
101.567
101.577
101.587
101.597
101.607
101.617
101.626
101.636
101.646
101.656
101.666
101.676
101.686
101.696
101.706
101.716
101.726
101.736
101.746
101.756
101.766
101.776
101.786
101.796
101.806
101.816
101.826
101.836
101.846
101.856
101.865
101.875
101.885
101.895
101.905
101.915
101.925
101.935
101.945
101.955
101.965
101.975
101.985
101.995
102.005
102.015
102.025
102.034
102.044
102.054
102.064
102.074
102.084
102.094
102.104
102.114
102.124
102.134
102.144
102.154
102.163
102.173
102.183
102.193
102.203
102.213
102.223
102.233
102.243
102.253
102.263
102.273
102.283
102.293
102.303
102.313
102.323
102.332
102.342
102.352
102.362
102.372
102.382
102.392
102.402
102.412
102.422
102.431
102.441
102.451
102.461
102.471
102.481
102.491
102.501
102.511
102.52
102.53
102.54
102.55
102.56
102.57
102.58
102.59
102.599
102.609
102.619
102.629
102.639
102.649
102.659
102.669
102.678
102.688
102.698
102.708
102.718
102.728
102.738
102.747
102.757
102.767
102.777
102.787
102.797
102.807
102.816
102.826
102.836
102.846
102.856
102.866
102.876
102.885
102.895
102.905
102.915
102.925
102.935
102.944
102.954
102.964
102.974
102.984
102.994
103.003
103.013
103.023
103.033
103.043
103.053
103.062
103.072
103.082
103.092
103.102
103.112
103.121
103.131
103.141
103.151
103.161
103.171
103.18
103.19
103.2
103.21
103.22
103.229
103.239
103.249
103.259
103.269
103.278
103.288
103.298
103.308
103.318
103.327
103.337
103.347
103.357
103.367
103.376
103.386
103.396
103.406
103.416
103.425
103.435
103.445
103.455
103.465
103.474
103.484
103.494
103.504
103.514
103.523
103.533
103.543
103.553
103.563
103.572
103.582
103.592
103.602
103.611
103.621
103.631
103.641
103.651
103.66
103.67
103.68
103.69
103.699
103.709
103.719
103.729
103.739
103.748
103.758
103.768
103.778
103.787
103.797
103.807
103.817
103.826
103.836
103.846
103.856
103.865
103.875
103.885
103.895
103.904
103.914
103.924
103.934
103.943
103.953
103.963
103.973
103.982
103.992
104.002
104.012
104.021
104.031
104.041
104.051
104.06
104.07
104.08
104.089
104.099
104.109
104.119
104.128
104.138
104.148
104.158
104.167
104.177
104.187
104.197
104.206
104.216
104.226
104.235
104.245
104.255
104.265
104.274
104.284
104.294
104.303
104.313
104.323
104.333
104.342
104.352
104.362
104.372
104.381
104.391
104.401
104.41
104.42
104.43
104.439
104.449
104.459
104.469
104.478
104.488
104.498
104.507
104.517
104.527
104.536
104.546
104.556
104.565
104.575
104.585
104.594
104.604
104.614
104.623
104.633
104.643
104.652
104.662
104.672
104.681
104.691
104.701
104.71
104.72
104.73
104.739
104.749
104.759
104.768
104.778
104.788
104.797
104.807
104.817
104.826
104.836
104.846
104.855
104.865
104.875
104.884
104.894
104.904
104.913
104.923
104.933
104.942
104.952
104.962
104.971
104.981
104.991
105
105.01
105.02
105.029
105.039
105.049
105.058
105.068
105.077
105.087
105.097
105.106
105.116
105.126
105.135
105.145
105.154
105.164
105.174
105.183
105.193
105.203
105.212
105.222
105.231
105.241
105.251
105.26
105.27
105.28
105.289
105.299
105.308
105.318
105.328
105.337
105.347
105.356
105.366
105.376
105.385
105.395
105.405
105.414
105.424
105.433
105.443
105.453
105.462
105.472
105.481
105.491
105.501
105.51
105.52
105.53
105.539
105.549
105.558
105.568
105.578
105.587
105.597
105.606
105.616
105.626
105.635
105.645
105.654
105.664
105.674
105.683
105.693
105.702
105.712
105.721
105.731
105.741
105.75
105.76
105.769
105.779
105.788
105.798
105.808
105.817
105.827
105.836
105.846
105.855
105.865
105.875
105.884
105.894
105.903
105.913
105.922
105.932
105.941
105.951
105.961
105.97
105.98
105.989
105.999
106.008
106.018
106.027
106.037
106.046
106.056
106.066
106.075
106.085
106.094
106.104
106.113
106.123
106.132
106.142
106.151
106.161
106.171
106.18
106.19
106.199
106.209
106.218
106.228
106.237
106.247
106.256
106.266
106.275
106.285
106.294
106.304
106.313
106.323
106.333
106.342
106.352
106.361
106.371
106.38
106.39
106.399
106.409
106.418
106.428
106.437
106.447
106.456
106.466
106.475
106.485
106.494
106.504
106.513
106.523
106.532
106.542
106.551
106.561
106.57
106.58
106.589
106.599
106.608
106.618
106.627
106.637
106.646
106.656
106.665
106.675
106.684
106.694
106.703
106.713
106.722
106.732
106.741
106.751
106.76
106.77
106.779
106.789
106.798
106.808
106.817
106.827
106.836
106.846
106.855
106.864
106.874
106.883
106.893
106.902
106.912
106.921
106.931
106.94
106.95
106.959
106.969
106.978
106.988
106.997
107.007
107.016
107.025
107.035
107.044
107.054
107.063
107.073
107.082
107.092
107.101
107.111
107.12
107.13
107.139
107.149
107.158
107.168
107.177
107.186
107.196
107.205
107.215
107.224
107.234
107.243
107.253
107.262
107.271
107.281
107.291
107.3
107.309
107.319
107.328
107.338
107.347
107.357
107.366
107.376
107.385
107.394
107.404
107.413
107.423
107.432
107.442
107.451
107.46
107.47
107.479
107.489
107.498
107.507
107.517
107.526
107.536
107.545
107.555
107.564
107.573
107.583
107.592
107.602
107.611
107.621
107.63
107.639
107.649
107.658
107.668
107.677
107.686
107.696
107.705
107.715
107.724
107.734
107.743
107.752
107.762
107.771
107.781
107.79
107.799
107.809
107.818
107.827
107.837
107.846
107.856
107.865
107.874
107.884
107.893
107.903
107.912
107.921
107.931
107.94
107.95
107.959
107.968
107.978
107.987
107.997
108.006
108.015
108.025
108.034
108.043
108.053
108.062
108.072
108.081
108.09
108.1
108.109
108.119
108.128
108.137
108.147
108.156
108.165
108.175
108.184
108.194
108.203
108.212
108.222
108.231
108.24
108.25
108.259
108.269
108.278
108.287
108.297
108.306
108.315
108.325
108.334
108.344
108.353
108.362
108.372
108.381
108.391
108.4
108.409
108.419
108.428
108.437
108.447
108.456
108.465
108.475
108.484
108.493
108.503
108.512
108.521
108.531
108.54
108.549
108.559
108.568
108.577
108.587
108.596
108.605
108.615
108.624
108.633
108.643
108.652
108.661
108.671
108.68
108.689
108.699
108.708
108.717
108.727
108.736
108.745
108.754
108.764
108.773
108.782
108.792
108.801
108.81
108.82
108.829
108.838
108.848
108.857
108.866
108.875
108.885
108.894
108.903
108.913
108.922
108.931
108.941
108.95
108.959
108.968
108.978
108.987
108.996
109.006
109.015
109.024
109.033
109.043
109.052
109.061
109.071
109.08
109.089
109.098
109.108
109.117
109.126
109.136
109.145
109.154
109.163
109.173
109.182
109.191
109.201
109.21
109.219
109.228
109.238
109.247
109.256
109.265
109.275
109.284
109.293
109.303
109.312
109.321
109.33
109.34
109.349
109.358
109.367
109.377
109.386
109.395
109.404
109.414
109.423
109.432
109.441
109.451
109.46
109.469
109.479
109.488
109.497
109.506
109.516
109.525
109.534
109.543
109.553
109.562
109.571
109.58
109.59
109.599
109.608
109.617
109.627
109.636
109.645
109.654
109.664
109.673
109.682
109.691
109.701
109.71
109.719
109.728
109.737
109.747
109.756
109.765
109.774
109.784
109.793
109.802
109.811
109.821
109.83
109.839
109.848
109.858
109.867
109.876
109.885
109.894
109.904
109.913
109.922
109.931
109.941
109.95
109.959
109.968
109.977
109.987
109.996
110.005
110.014
110.023
110.033
110.042
110.051
110.06
110.069
110.079
110.088
110.097
110.106
110.115
110.125
110.134
110.143
110.152
110.161
110.171
110.18
110.189
110.198
110.207
110.217
110.226
110.235
110.244
110.253
110.262
110.272
110.281
110.29
110.299
110.308
110.318
110.327
110.336
110.345
110.354
110.363
110.373
110.382
110.391
110.4
110.409
110.418
110.428
110.437
110.446
110.455
110.464
110.473
110.483
110.492
110.501
110.51
110.519
110.528
110.538
110.547
110.556
110.565
110.574
110.583
110.593
110.602
110.611
110.62
110.629
110.638
110.648
110.657
110.666
110.675
110.684
110.693
110.702
110.712
110.721
110.73
110.739
110.748
110.757
110.766
110.776
110.785
110.794
110.803
110.812
110.822
110.831
110.84
110.849
110.858
110.868
110.877
110.886
110.895
110.904
110.913
110.922
110.931
110.941
110.95
110.959
110.968
110.977
110.986
110.995
111.004
111.014
111.023
111.032
111.041
111.05
111.059
111.068
111.077
111.087
111.096
111.105
111.114
111.123
111.132
111.141
111.15
111.159
111.169
111.178
111.187
111.196
111.205
111.214
111.223
111.232
111.241
111.25
111.26
111.269
111.278
111.287
111.296
111.305
111.314
111.323
111.332
111.342
111.351
111.36
111.369
111.378
111.387
111.396
111.405
111.414
111.424
111.433
111.442
111.451
111.46
111.469
111.478
111.487
111.496
111.505
111.514
111.524
111.533
111.542
111.552
111.561
111.57
111.579
111.588
111.597
111.606
111.615
111.624
111.633
111.642
111.652
111.661
111.67
111.679
111.688
111.697
111.706
111.715
111.724
111.733
111.742
111.751
111.76
111.769
111.778
111.787
111.797
111.806
111.815
111.824
111.833
111.842
111.851
111.86
111.869
111.878
111.887
111.896
111.905
111.914
111.923
111.933
111.942
111.951
111.96
111.969
111.978
111.987
111.996
112.005
112.014
112.023
112.032
112.041
112.05
112.059
112.068
112.077
112.086
112.095
112.104
112.114
112.123
112.132
112.141
112.15
112.159
112.168
112.177
112.186
112.195
112.204
112.213
112.222
112.231
112.24
112.249
112.258
112.267
112.276
112.285
112.294
112.303
112.312
112.321
112.33
112.339
112.348
112.357
112.366
112.375
112.384
112.393
112.402
112.411
112.42
112.429
112.438
112.447
112.456
112.465
112.474
112.483
112.492
112.501
112.51
112.519
112.528
112.537
112.546
112.555
112.564
112.573
112.582
112.591
112.6
112.609
112.618
112.627
112.636
112.645
112.654
112.663
112.672
112.681
112.69
112.699
112.708
112.717
112.726
112.735
112.744
112.753
112.762
112.771
112.78
112.789
112.798
112.807
112.816
112.825
112.834
112.843
112.852
112.861
112.87
112.879
112.888
112.897
112.906
112.915
112.924
112.933
112.942
112.951
112.96
112.969
112.978
112.986
112.995
113.004
113.013
113.022
113.031
113.04
113.049
113.058
113.067
113.076
113.085
113.094
113.103
113.112
113.121
113.13
113.139
113.148
113.157
113.166
113.175
113.184
113.192
113.201
113.21
113.219
113.228
113.237
113.246
113.255
113.264
113.273
113.282
113.291
113.3
113.309
113.318
113.327
113.336
113.345
113.353
113.362
113.371
113.38
113.389
113.398
113.407
113.416
113.425
113.434
113.443
113.452
113.461
113.47
113.479
113.488
113.496
113.505
113.514
113.523
113.532
113.541
113.55
113.559
113.568
113.577
113.586
113.595
113.604
113.612
113.621
113.63
113.639
113.648
113.657
113.666
113.675
113.684
113.693
113.702
113.711
113.719
113.728
113.737
113.746
113.755
113.764
113.773
113.782
113.791
113.8
113.809
113.817
113.826
113.835
113.844
113.853
113.862
113.871
113.88
113.889
113.898
113.907
113.915
113.924
113.933
113.942
113.951
113.96
113.969
113.978
113.987
113.995
114.004
114.013
114.022
114.031
114.04
114.049
114.058
114.067
114.075
114.084
114.093
114.102
114.111
114.12
114.129
114.138
114.147
114.155
114.164
114.173
114.182
114.191
114.2
114.209
114.218
114.226
114.235
114.244
114.253
114.262
114.271
114.28
114.288
114.297
114.306
114.315
114.324
114.333
114.342
114.35
114.359
114.368
114.377
114.386
114.395
114.404
114.412
114.421
114.43
114.439
114.448
114.457
114.466
114.474
114.483
114.492
114.501
114.51
114.519
114.527
114.536
114.545
114.554
114.563
114.572
114.581
114.59
114.598
114.607
114.616
114.625
114.634
114.643
114.651
114.66
114.669
114.678
114.687
114.696
114.704
114.713
114.722
114.731
114.74
114.749
114.757
114.766
114.775
114.784
114.793
114.802
114.81
114.819
114.828
114.837
114.846
114.855
114.863
114.872
114.881
114.89
114.899
114.907
114.916
114.925
114.934
114.943
114.952
114.96
114.969
114.978
114.987
114.996
115.004
115.013
115.022
115.031
115.04
115.048
115.057
115.066
115.075
115.084
115.093
115.101
115.11
115.119
115.128
115.137
115.145
115.154
115.163
115.172
115.181
115.189
115.198
115.207
115.216
115.225
115.233
115.242
115.251
115.26
115.269
115.277
115.286
115.295
115.304
115.312
115.321
115.33
115.339
115.348
115.356
115.365
115.374
115.383
115.391
115.4
115.409
115.418
115.427
115.435
115.444
115.453
115.462
115.47
115.479
115.488
115.497
115.505
115.514
115.523
115.532
115.541
115.549
115.558
115.567
115.576
115.584
115.593
115.602
115.611
115.619
115.628
115.637
115.646
115.654
115.663
115.672
115.681
115.689
115.698
115.707
115.716
115.725
115.733
115.742
115.751
115.76
115.768
115.777
115.786
115.795
115.803
115.812
115.821
115.83
115.838
115.847
115.856
115.865
115.873
115.882
115.891
115.9
115.908
115.917
115.926
115.934
115.943
115.952
115.961
115.969
115.978
115.987
115.996
116.004
116.013
116.022
116.031
116.039
116.048
116.057
116.065
116.074
116.083
116.092
116.1
116.109
116.118
116.127
116.135
116.144
116.153
116.162
116.17
116.179
116.188
116.196
116.205
116.214
116.223
116.231
116.24
116.249
116.257
116.266
116.275
116.284
116.292
116.301
116.31
116.318
116.327
116.336
116.345
116.353
116.362
116.371
116.379
116.388
116.397
116.406
116.414
116.423
116.432
116.44
116.449
116.458
116.467
116.475
116.484
116.493
116.501
116.51
116.519
116.527
116.536
116.545
116.553
116.562
116.571
116.58
116.588
116.597
116.606
116.614
116.623
116.632
116.64
116.649
116.658
116.666
116.675
116.684
116.692
116.701
116.71
116.718
116.727
116.736
116.744
116.753
116.762
116.771
116.779
116.788
116.797
116.805
116.814
116.823
116.831
116.84
116.849
116.857
116.866
116.875
116.883
116.892
116.901
116.909
116.918
116.927
116.935
116.944
116.953
116.961
116.97
116.979
116.987
116.996
117.005
117.013
117.022
117.031
117.039
117.048
117.056
117.065
117.074
117.082
117.091
117.1
117.108
117.117
117.126
117.134
117.143
117.152
117.16
117.169
117.178
117.186
117.195
117.204
117.212
117.221
117.23
117.238
117.247
117.255
117.264
117.273
117.281
117.29
117.299
117.307
117.316
117.325
117.333
117.342
117.351
117.359
117.368
117.376
117.385
117.394
117.402
117.411
117.42
117.428
117.437
117.445
117.454
117.463
117.471
117.48
117.489
117.497
117.506
117.514
117.523
117.532
117.54
117.549
117.557
117.566
117.575
117.583
117.592
117.601
117.609
117.618
117.626
117.635
117.644
117.652
117.661
117.669
117.678
117.687
117.695
117.704
117.712
117.721
117.73
117.738
117.747
117.755
117.764
117.773
117.781
117.79
117.798
117.807
117.816
117.824
117.833
117.842
117.85
117.859
117.867
117.876
117.884
117.893
117.902
117.91
117.919
117.927
117.936
117.945
117.953
117.962
117.97
117.979
117.988
117.996
118.005
118.013
118.022
118.031
118.039
118.048
118.056
118.065
118.073
118.082
118.091
118.099
118.108
118.116
118.125
118.134
118.142
118.151
118.159
118.168
118.176
118.185
118.194
118.202
118.211
118.219
118.228
118.236
118.245
118.254
118.262
118.271
118.279
118.288
118.296
118.305
118.313
118.322
118.331
118.339
118.348
118.356
118.365
118.373
118.382
118.391
118.399
118.408
118.416
118.425
118.433
118.442
118.45
118.459
118.468
118.476
118.485
118.493
118.502
118.51
118.519
118.527
118.536
118.545
118.553
118.562
118.57
118.579
118.587
118.596
118.604
118.613
118.621
118.63
118.638
118.647
118.656
118.664
118.673
118.681
118.69
118.698
118.707
118.715
118.724
118.732
118.741
118.749
118.758
118.766
118.775
118.783
118.792
118.801
118.809
118.818
118.826
118.835
118.843
118.852
118.86
118.869
118.877
118.886
118.894
118.903
118.911
118.92
118.928
118.937
118.945
118.954
118.962
118.971
118.979
118.988
118.996
119.005
119.013
119.022
119.031
119.039
119.048
119.056
119.065
119.073
119.082
119.09
119.099
119.107
119.116
119.124
119.133
119.141
119.15
119.158
119.167
119.175
119.184
119.192
119.201
119.209
119.218
119.226
119.235
119.243
119.252
119.26
119.269
119.277
119.286
119.294
119.303
119.311
119.32
119.328
119.337
119.345
119.354
119.362
119.371
119.379
119.388
119.396
119.405
119.413
119.422
119.43
119.439
119.447
119.456
119.464
119.473
119.481
119.489
119.498
119.506
119.515
119.523
119.532
119.54
119.549
119.557
119.566
119.574
119.583
119.591
119.6
119.608
119.617
119.625
119.634
119.642
119.651
119.659
119.668
119.676
119.684
119.693
119.701
119.71
119.718
119.727
119.735
119.744
119.752
119.761
119.769
119.778
119.786
119.794
119.803
119.811
119.82
119.828
119.837
119.845
119.854
119.862
119.871
119.879
119.887
119.896
119.904
119.913
119.921
119.93
119.938
119.947
119.955
119.964
119.972
119.98
119.989
119.997
120.006
120.014
120.023
120.031
120.039
120.048
120.056
120.065
120.073
120.082
120.09
120.099
120.107
120.115
120.124
120.132
120.141
120.149
120.157
120.166
120.174
120.183
120.191
120.2
120.208
120.216
120.225
120.233
120.242
120.25
120.259
120.267
120.275
120.284
120.292
120.301
120.309
120.317
120.326
120.334
120.343
120.351
120.36
120.368
120.376
120.385
120.393
120.402
120.41
120.418
120.427
120.435
120.444
120.452
120.461
120.469
120.477
120.486
120.494
120.503
120.511
120.519
120.528
120.536
120.545
120.553
120.561
120.57
120.578
120.587
120.595
120.603
120.612
120.62
120.629
120.637
120.645
120.654
120.662
120.671
120.679
120.687
120.696
120.704
120.713
120.721
120.729
120.738
120.746
120.754
120.763
120.771
120.78
120.788
120.796
120.805
120.813
120.822
120.83
120.838
120.847
120.855
120.863
120.872
120.88
120.889
120.897
120.905
120.914
120.922
120.93
120.939
120.947
120.956
120.964
120.972
120.981
120.989
120.997
121.006
121.014
121.022
121.031
121.039
121.048
121.056
121.064
121.073
121.081
121.089
121.098
121.106
121.114
121.123
121.131
121.14
121.148
121.156
121.165
121.173
121.181
121.19
121.198
121.206
121.215
121.223
121.231
121.24
121.248
121.257
121.265
121.273
121.282
121.29
121.298
121.307
121.315
121.323
121.332
121.34
121.348
121.357
121.365
121.373
121.382
121.39
121.398
121.407
121.415
121.423
121.432
121.44
121.449
121.457
121.465
121.474
121.482
121.49
121.499
121.507
121.515
121.524
121.532
121.54
121.549
121.557
121.565
121.574
121.582
121.59
121.598
121.607
121.615
121.624
121.632
121.64
121.649
121.657
121.665
121.674
121.682
121.69
121.698
121.707
121.715
121.723
121.732
121.74
121.748
121.757
121.765
121.773
121.782
121.79
121.798
121.807
121.815
121.823
121.832
121.84
121.848
121.857
121.865
121.873
121.882
121.89
121.898
121.906
121.915
121.923
121.931
121.94
121.948
121.956
121.965
121.973
121.981
121.989
121.998
122.006
122.014
122.023
122.031
122.039
122.048
122.056
122.064
122.072
122.081
122.089
122.097
122.106
122.114
122.122
122.13
122.139
122.147
122.155
122.164
122.172
122.18
122.188
122.197
122.205
122.213
122.222
122.23
122.238
122.246
122.255
122.263
122.271
122.28
122.288
122.296
122.304
122.313
122.321
122.329
122.338
122.346
122.354
122.362
122.371
122.379
122.387
122.396
122.404
122.412
122.42
122.429
122.437
122.445
122.453
122.462
122.47
122.478
122.486
122.495
122.503
122.511
122.52
122.528
122.536
122.544
122.553
122.561
122.569
122.577
122.586
122.594
122.602
122.611
122.619
122.627
122.635
122.644
122.652
122.66
122.668
122.677
122.685
122.693
122.702
122.71
122.718
122.726
122.735
122.743
122.751
122.759
122.768
122.776
122.784
122.792
122.801
122.809
122.817
122.825
122.834
122.842
122.85
122.858
122.867
122.875
122.883
122.891
122.899
122.908
122.916
122.924
122.933
122.941
122.949
122.957
122.966
122.974
122.982
122.99
122.998
123.007
123.015
123.023
123.031
123.04
123.048
123.056
123.064
123.073
123.081
123.089
123.097
123.106
123.114
123.122
123.13
123.138
123.147
123.155
123.163
123.171
123.18
123.188
123.196
123.204
123.213
123.221
123.229
123.237
123.245
123.254
123.262
123.27
123.278
123.287
123.295
123.303
123.311
123.319
123.328
123.336
123.344
123.352
123.36
123.369
123.377
123.385
123.393
123.402
123.41
123.418
123.426
123.434
123.443
123.451
123.459
123.467
123.475
123.484
123.492
123.501
123.509
123.517
123.525
123.533
123.542
123.55
123.558
123.566
123.574
123.583
123.591
123.599
123.607
123.615
123.624
123.632
123.64
123.648
123.656
123.665
123.673
123.681
123.689
123.697
123.705
123.714
123.722
123.73
123.738
123.746
123.755
123.763
123.771
123.779
123.787
123.795
123.804
123.812
123.82
123.828
123.836
123.845
123.853
123.861
123.869
123.877
123.885
123.894
123.902
123.91
123.918
123.926
123.934
123.943
123.951
123.959
123.967
123.975
123.983
123.992
124
124.008
124.016
124.024
124.032
124.041
124.049
124.057
124.065
124.073
124.081
124.09
124.098
124.106
124.114
124.122
124.13
124.139
124.147
124.155
124.163
124.171
124.179
124.188
124.196
124.204
124.212
124.22
124.228
124.236
124.245
124.253
124.261
124.269
124.277
124.285
124.294
124.302
124.31
124.318
124.326
124.334
124.342
124.351
124.359
124.367
124.375
124.383
124.391
124.399
124.408
124.416
124.424
124.432
124.44
124.448
124.456
124.465
124.473
124.481
124.489
124.497
124.505
124.513
124.521
124.53
124.538
124.546
124.554
124.562
124.57
124.578
124.587
124.595
124.603
124.611
124.619
124.627
124.635
124.643
124.652
124.66
124.668
124.676
124.684
124.692
124.7
124.708
124.716
124.725
124.733
124.741
124.749
124.757
124.765
124.773
124.781
124.79
124.798
124.806
124.814
124.822
124.83
124.838
124.846
124.854
124.863
124.871
124.879
124.887
124.895
124.903
124.911
124.919
124.927
124.936
124.944
124.952
124.96
124.968
124.976
124.984
124.992
125
125.009
125.017
125.025
125.033
125.041
125.049
125.057
125.065
125.073
125.081
125.09
125.098
125.106
125.114
125.122
125.13
125.138
125.146
125.154
125.162
125.171
125.179
125.187
125.195
125.203
125.211
125.219
125.227
125.235
125.243
125.251
125.259
125.268
125.276
125.284
125.292
125.3
125.308
125.316
125.324
125.332
125.34
125.348
125.356
125.365
125.373
125.381
125.389
125.397
125.405
125.413
125.421
125.429
125.437
125.445
125.453
125.461
125.47
125.478
125.486
125.494
125.502
125.51
125.518
125.526
125.534
125.542
125.55
125.558
125.566
125.574
125.583
125.591
125.599
125.607
125.615
125.623
125.631
125.639
125.647
125.655
125.663
125.671
125.679
125.687
125.695
125.703
125.712
125.72
125.728
125.736
125.744
125.752
125.76
125.768
125.776
125.784
125.792
125.8
125.808
125.816
125.824
125.832
125.84
125.848
125.856
125.865
125.873
125.881
125.889
125.897
125.905
125.913
125.921
125.929
125.937
125.945
125.953
125.961
125.969
125.977
125.985
125.993
126.001
126.009
126.017
126.025
126.033
126.041
126.049
126.057
126.066
126.074
126.082
126.09
126.098
126.106
126.114
126.122
126.13
126.138
126.146
126.154
126.162
126.17
126.178
126.186
126.194
126.202
126.21
126.218
126.226
126.234
126.242
126.25
126.258
126.266
126.274
126.282
126.29
126.299
126.307
126.315
126.323
126.331
126.339
126.347
126.355
126.363
126.371
126.379
126.387
126.395
126.403
126.411
126.419
126.427
126.435
126.443
126.451
126.459
126.467
126.475
126.483
126.491
126.499
126.507
126.515
126.523
126.531
126.539
126.547
126.555
126.563
126.571
126.579
126.587
126.595
126.603
126.611
126.619
126.627
126.635
126.643
126.651
126.659
126.667
126.675
126.683
126.691
126.699
126.707
126.715
126.723
126.731
126.739
126.747
126.755
126.763
126.771
126.779
126.787
126.795
126.803
126.811
126.819
126.827
126.835
126.843
126.851
126.859
126.867
126.875
126.883
126.891
126.899
126.907
126.915
126.923
126.931
126.939
126.947
126.955
126.963
126.971
126.979
126.987
126.994
127.002
127.01
127.018
127.026
127.034
127.042
127.05
127.058
127.066
127.074
127.082
127.09
127.098
127.106
127.114
127.122
127.13
127.138
127.146
127.154
127.162
127.17
127.178
127.186
127.194
127.202
127.21
127.218
127.226
127.234
127.241
127.249
127.257
127.265
127.273
127.281
127.289
127.297
127.305
127.313
127.321
127.329
127.337
127.345
127.353
127.361
127.369
127.377
127.385
127.393
127.401
127.409
127.417
127.425
127.432
127.44
127.448
127.456
127.464
127.472
127.48
127.488
127.496
127.504
127.512
127.52
127.528
127.536
127.544
127.552
127.56
127.568
127.576
127.583
127.591
127.599
127.607
127.615
127.623
127.631
127.639
127.647
127.655
127.663
127.671
127.679
127.687
127.695
127.703
127.711
127.719
127.727
127.734
127.742
127.75
127.758
127.766
127.774
127.782
127.79
127.798
127.806
127.814
127.822
127.83
127.838
127.845
127.853
127.861
127.869
127.877
127.885
127.893
127.901
127.909
127.917
127.925
127.933
127.94
127.948
127.956
127.964
127.972
127.98
127.988
127.996
128.004
128.012
128.02
128.027
128.035
128.043
128.051
128.059
128.067
128.075
128.083
128.091
128.099
128.107
128.114
128.122
128.13
128.138
128.146
128.154
128.162
128.17
128.178
128.186
128.193
128.201
128.209
128.217
128.225
128.233
128.241
128.249
128.257
128.265
128.273
128.28
128.288
128.296
128.304
128.312
128.32
128.328
128.336
128.344
128.352
128.359
128.367
128.375
128.383
128.391
128.399
128.407
128.415
128.423
128.431
128.438
128.446
128.454
128.462
128.47
128.478
128.486
128.494
128.502
128.509
128.517
128.525
128.533
128.541
128.549
128.557
128.565
128.572
128.58
128.588
128.596
128.604
128.612
128.62
128.628
128.635
128.643
128.651
128.659
128.667
128.675
128.683
128.691
128.698
128.706
128.714
128.722
128.73
128.738
128.746
128.753
128.761
128.769
128.777
128.785
128.793
128.801
128.808
128.816
128.824
128.832
128.84
128.848
128.856
128.864
128.871
128.879
128.887
128.895
128.903
128.911
128.919
128.926
128.934
128.942
128.95
128.958
128.966
128.974
128.981
128.989
128.997
129.005
129.013
129.021
129.029
129.036
129.044
129.052
129.06
129.068
129.076
129.084
129.091
129.099
129.107
129.115
129.123
129.131
129.138
129.146
129.154
129.162
129.17
129.178
129.185
129.193
129.201
129.209
129.217
129.225
129.233
129.24
129.248
129.256
129.264
129.272
129.28
129.287
129.295
129.303
129.311
129.319
129.327
129.334
129.342
129.35
129.358
129.366
129.374
129.381
129.389
129.397
129.405
129.413
129.421
129.428
129.436
129.444
129.452
129.46
129.467
129.475
129.483
129.491
129.499
129.507
129.514
129.522
129.53
129.538
129.546
129.554
129.561
129.569
129.577
129.585
129.593
129.6
129.608
129.616
129.624
129.632
129.639
129.647
129.655
129.663
129.671
129.678
129.686
129.694
129.702
129.71
129.717
129.725
129.733
129.741
129.749
129.757
129.764
129.772
129.78
129.788
129.796
129.804
129.811
129.819
129.827
129.835
129.842
129.85
129.858
129.866
129.874
129.881
129.889
129.897
129.905
129.913
129.921
129.928
129.936
129.944
129.952
129.959
129.967
129.975
129.983
129.991
129.998
130.006
130.014
130.022
130.03
130.037
130.045
130.053
130.061
130.069
130.076
130.084
130.092
130.1
130.107
130.115
130.123
130.131
130.139
130.146
130.154
130.162
130.17
130.177
130.185
130.193
130.201
130.209
130.216
130.224
130.232
130.24
130.247
130.255
130.263
130.271
130.279
130.286
130.294
130.302
130.31
130.317
130.325
130.333
130.341
130.348
130.356
130.364
130.372
130.379
130.387
130.395
130.403
130.411
130.418
130.426
130.434
130.442
130.449
130.457
130.465
130.473
130.48
130.488
130.496
130.504
130.511
130.519
130.527
130.535
130.543
130.55
130.558
130.566
130.574
130.581
130.589
130.597
130.605
130.612
130.62
130.628
130.636
130.643
130.651
130.659
130.667
130.674
130.682
130.69
130.698
130.705
130.713
130.721
130.729
130.736
130.744
130.752
130.76
130.767
130.775
130.783
130.791
130.798
130.806
130.814
130.822
130.829
130.837
130.845
130.853
130.86
130.868
130.876
130.884
130.891
130.899
130.907
130.914
130.922
130.93
130.938
130.945
130.953
130.961
130.969
130.976
130.984
130.992
131
131.007
131.015
131.023
131.031
131.038
131.046
131.054
131.061
131.069
131.077
131.085
131.092
131.1
131.108
131.116
131.123
131.131
131.139
131.146
131.154
131.162
131.17
131.177
131.185
131.193
131.201
131.208
131.216
131.224
131.231
131.239
131.247
131.255
131.262
131.27
131.278
131.285
131.293
131.301
131.309
131.316
131.324
131.332
131.34
131.347
131.355
131.363
131.37
131.378
131.386
131.394
131.401
131.409
131.417
131.425
131.432
131.44
131.448
131.455
131.463
131.471
131.478
131.486
131.494
131.502
131.509
131.517
131.525
131.532
131.54
131.548
131.555
131.563
131.571
131.579
131.586
131.594
131.602
131.609
131.617
131.625
131.632
131.64
131.648
131.655
131.663
131.671
131.679
131.686
131.694
131.702
131.709
131.717
131.725
131.732
131.74
131.748
131.756
131.763
131.771
131.779
131.786
131.794
131.802
131.809
131.817
131.825
131.832
131.84
131.848
131.856
131.863
131.871
131.879
131.886
131.894
131.902
131.909
131.917
131.925
131.932
131.94
131.948
131.955
131.963
131.971
131.978
131.986
131.994
132.001
132.009
132.017
132.024
132.032
132.04
132.047
132.055
132.063
132.071
132.078
132.086
132.094
132.101
132.109
132.117
132.124
132.132
132.14
132.147
132.155
132.163
132.17
132.178
132.186
132.193
132.201
132.209
132.216
132.224
132.232
132.239
132.247
132.255
132.262
132.27
132.277
132.285
132.293
132.3
132.308
132.316
132.323
132.331
132.339
132.346
132.354
132.362
132.369
132.377
132.385
132.392
132.4
132.408
132.415
132.423
132.431
132.438
132.446
132.453
132.461
132.469
132.476
132.484
132.492
132.499
132.507
132.515
132.522
132.53
132.538
132.546
132.553
132.561
132.569
132.576
132.584
132.592
132.599
132.607
132.615
132.622
132.63
132.638
132.645
132.653
132.661
132.668
132.676
132.684
132.691
132.699
132.706
132.714
132.722
132.729
132.737
132.745
132.752
132.76
132.768
132.775
132.783
132.79
132.798
132.806
132.813
132.821
132.829
132.836
132.844
132.851
132.859
132.867
132.874
132.882
132.89
132.897
132.905
132.912
132.92
132.928
132.935
132.943
132.95
132.958
132.966
132.973
132.981
132.989
132.996
133.004
133.011
133.019
133.027
133.034
133.042
133.049
133.057
133.065
133.072
133.08
133.087
133.095
133.103
133.11
133.118
133.125
133.133
133.141
133.148
133.156
133.164
133.171
133.179
133.186
133.194
133.202
133.209
133.217
133.224
133.232
133.24
133.247
133.255
133.262
133.27
133.278
133.285
133.293
133.3
133.308
133.316
133.323
133.331
133.338
133.346
133.354
133.361
133.369
133.376
133.384
133.392
133.399
133.407
133.414
133.422
133.43
133.437
133.445
133.452
133.46
133.468
133.475
133.483
133.49
133.498
133.506
133.513
133.521
133.528
133.536
133.543
133.551
133.559
133.566
133.574
133.581
133.589
133.597
133.604
133.612
133.619
133.627
133.634
133.642
133.65
133.657
133.665
133.672
133.68
133.687
133.695
133.703
133.71
133.718
133.725
133.733
133.74
133.748
133.756
133.763
133.771
133.778
133.786
133.793
133.801
133.809
133.816
133.824
133.831
133.839
133.846
133.854
133.862
133.869
133.877
133.884
133.892
133.899
133.907
133.914
133.922
133.93
133.937
133.945
133.952
133.96
133.967
133.975
133.983
133.99
133.998
134.005
134.013
134.02
134.028
134.035
134.043
134.051
134.058
134.066
134.073
134.081
134.088
134.096
134.103
134.111
134.119
134.126
134.134
134.141
134.149
134.156
134.164
134.171
134.179
134.186
134.194
134.202
134.209
134.217
134.224
134.232
134.239
134.247
134.255
134.262
134.27
134.277
134.285
134.292
134.3
134.307
134.315
134.322
134.33
134.337
134.345
134.352
134.36
134.368
134.375
134.383
134.39
134.398
134.405
134.413
134.42
134.428
134.435
134.443
134.45
134.458
134.465
134.473
134.48
134.488
134.496
134.503
134.511
134.518
134.526
134.533
134.541
134.548
134.556
134.563
134.571
134.578
134.586
134.593
134.601
134.608
134.616
134.623
134.631
134.639
134.646
134.654
134.661
134.669
134.676
134.684
134.691
134.699
134.706
134.714
134.721
134.729
134.736
134.744
134.751
134.759
134.766
134.774
134.781
134.789
134.796
134.804
134.811
134.819
134.826
134.834
134.841
134.849
134.857
134.864
134.871
134.879
134.887
134.894
134.902
134.909
134.917
134.924
134.932
134.939
134.947
134.954
134.962
134.969
134.977
134.984
134.992
134.999
135.007
135.014
135.022
135.029
135.037
135.044
135.052
135.059
135.067
135.074
135.082
135.089
135.097
135.104
135.112
135.119
135.127
135.134
135.142
135.149
135.157
135.164
135.172
135.179
135.187
135.194
135.202
135.209
135.217
135.224
135.232
135.239
135.247
135.254
135.262
135.269
135.277
135.284
135.292
135.299
135.307
135.314
135.322
135.329
135.337
135.344
135.352
135.359
135.367
135.374
135.382
135.389
135.397
135.404
135.411
135.419
135.426
135.434
135.441
135.449
135.456
135.464
135.471
135.479
135.486
135.494
135.501
135.509
135.516
135.524
135.531
135.539
135.546
135.553
135.561
135.568
135.576
135.583
135.591
135.598
135.606
135.613
135.621
135.628
135.636
135.643
135.65
135.658
135.665
135.673
135.68
135.688
135.695
135.703
135.71
135.718
135.725
135.733
135.74
135.748
135.755
135.762
135.77
135.777
135.785
135.792
135.8
135.807
135.815
135.822
135.83
135.837
135.845
135.852
135.859
135.867
135.874
135.882
135.889
135.897
135.904
135.912
135.919
135.926
135.934
135.941
135.949
135.956
135.964
135.971
135.979
135.986
135.994
136.001
136.008
136.016
136.023
136.031
136.038
136.046
136.053
136.061
136.068
136.075
136.083
136.09
136.098
136.105
136.113
136.12
136.128
136.135
136.143
136.15
136.157
136.165
136.172
136.18
136.187
136.195
136.202
136.209
136.217
136.224
136.232
136.239
136.247
136.254
136.261
136.269
136.276
136.284
136.291
136.299
136.306
136.313
136.321
136.328
136.336
136.343
136.351
136.358
136.365
136.373
136.38
136.388
136.395
136.402
136.41
136.417
136.425
136.432
136.44
136.447
136.454
136.462
136.469
136.477
136.484
136.492
136.499
136.506
136.514
136.521
136.529
136.536
136.543
136.551
136.558
136.566
136.573
136.58
136.588
136.595
136.603
136.61
136.618
136.625
136.632
136.64
136.647
136.655
136.662
136.669
136.677
136.684
136.692
136.699
136.706
136.714
136.721
136.729
136.736
136.743
136.751
136.758
136.766
136.773
136.78
136.788
136.795
136.803
136.81
136.817
136.825
136.832
136.84
136.847
136.854
136.862
136.869
136.877
136.884
136.891
136.899
136.906
136.914
136.921
136.928
136.936
136.943
136.951
136.958
136.965
136.973
136.98
136.987
136.995
137.002
137.01
137.017
137.024
137.032
137.039
137.047
137.054
137.061
137.069
137.076
137.083
137.091
137.098
137.106
137.113
137.12
137.128
137.135
137.143
137.15
137.157
137.165
137.172
137.179
137.187
137.194
137.202
137.209
137.216
137.224
137.231
137.238
137.246
137.253
137.261
137.268
137.275
137.283
137.29
137.297
137.305
137.312
137.32
137.327
137.334
137.342
137.349
137.356
137.364
137.371
137.379
137.386
137.393
137.401
137.408
137.415
137.423
137.43
137.438
137.445
137.452
137.46
137.467
137.474
137.482
137.489
137.496
137.504
137.511
137.519
137.526
137.533
137.541
137.548
137.555
137.563
137.57
137.577
137.585
137.592
137.6
137.607
137.614
137.622
137.629
137.636
137.644
137.651
137.658
137.666
137.673
137.68
137.688
137.695
137.702
137.71
137.717
137.725
137.732
137.739
137.747
137.754
137.761
137.769
137.776
137.783
137.791
137.798
137.805
137.813
137.82
137.827
137.835
137.842
137.85
137.857
137.864
137.872
137.879
137.886
137.894
137.901
137.908
137.916
137.923
137.93
137.938
137.945
137.952
137.96
137.967
137.974
137.982
137.989
137.996
138.004
138.011
138.018
138.026
138.033
138.04
138.048
138.055
138.062
138.07
138.077
138.084
138.092
138.099
138.106
138.114
138.121
138.128
138.136
138.143
138.15
138.158
138.165
138.172
138.18
138.187
138.194
138.202
138.209
138.216
138.224
138.231
138.238
138.246
138.253
138.26
138.268
138.275
138.282
138.29
138.297
138.304
138.311
138.319
138.326
138.333
138.341
138.348
138.355
138.363
138.37
138.377
138.385
138.392
138.399
138.407
138.414
138.421
138.429
138.436
138.443
138.45
138.458
138.465
138.472
138.48
138.487
138.494
138.502
138.509
138.516
138.524
138.531
138.538
138.546
138.553
138.56
138.567
138.575
138.582
138.589
138.597
138.604
138.611
138.619
138.626
138.633
138.64
138.648
138.655
138.662
138.67
138.677
138.684
138.692
138.699
138.706
138.713
138.721
138.728
138.735
138.743
138.75
138.757
138.765
138.772
138.779
138.786
138.794
138.801
138.808
138.816
138.823
138.83
138.837
138.845
138.852
138.859
138.867
138.874
138.881
138.889
138.896
138.903
138.91
138.918
138.925
138.932
138.939
138.947
138.954
138.961
138.969
138.976
138.983
138.991
138.998
139.005
139.012
139.02
139.027
139.034
139.042
139.049
139.056
139.063
139.071
139.078
139.085
139.093
139.1
139.107
139.114
139.122
139.129
139.136
139.143
139.151
139.158
139.165
139.173
139.18
139.187
139.194
139.202
139.209
139.216
139.224
139.231
139.238
139.245
139.253
139.26
139.267
139.274
139.282
139.289
139.296
139.304
139.311
139.318
139.325
139.333
139.34
139.347
139.354
139.362
139.369
139.376
139.383
139.391
139.398
139.405
139.412
139.42
139.427
139.434
139.441
139.449
139.456
139.463
139.471
139.478
139.485
139.492
139.5
139.507
139.514
139.521
139.529
139.536
139.543
139.55
139.558
139.565
139.572
139.579
139.587
139.594
139.601
139.608
139.616
139.623
139.63
139.637
139.645
139.652
139.659
139.666
139.674
139.681
139.688
139.695
139.703
139.71
139.717
139.724
139.731
139.739
139.746
139.753
139.76
139.768
139.775
139.782
139.789
139.797
139.804
139.811
139.818
139.826
139.833
139.84
139.847
139.855
139.862
139.869
139.876
139.884
139.891
139.898
139.905
139.912
139.92
139.927
139.934
139.941
139.949
139.956
139.963
139.97
139.978
139.985
139.992
139.999
140.006
140.014
140.021
140.028
140.035
140.043
140.05
140.057
140.064
140.071
140.079
140.086
140.093
140.1
140.108
140.115
140.122
140.129
140.136
140.144
140.151
140.158
140.165
140.173
140.18
140.187
140.194
140.201
140.209
140.216
140.223
140.23
140.238
140.245
140.252
140.259
140.266
140.274
140.281
140.288
140.295
140.303
140.31
140.317
140.324
140.331
140.339
140.346
140.353
140.36
140.367
140.375
140.382
140.389
140.396
140.404
140.411
140.418
140.425
140.432
140.44
140.447
140.454
140.461
140.468
140.476
140.483
140.49
140.497
140.504
140.512
140.519
140.526
140.533
140.54
140.548
140.555
140.562
140.569
140.576
140.584
140.591
140.598
140.605
140.612
140.62
140.627
140.634
140.641
140.648
140.656
140.663
140.67
140.677
140.684
140.691
140.699
140.706
140.713
140.72
140.727
140.735
140.742
140.749
140.756
140.763
140.771
140.778
140.785
140.792
140.799
140.807
140.814
140.821
140.828
140.835
140.843
140.85
140.857
140.864
140.871
140.878
140.886
140.893
140.9
140.907
140.914
140.922
140.929
140.936
140.943
140.95
140.957
140.965
140.972
140.979
140.986
140.993
141.001
141.008
141.015
141.022
141.029
141.036
141.044
141.051
141.058
141.065
141.072
141.08
141.087
141.094
141.101
141.108
141.115
141.122
141.13
141.137
141.144
141.151
141.158
141.166
141.173
141.18
141.187
141.194
141.201
141.209
141.216
141.223
141.23
141.237
141.244
141.251
141.259
141.266
141.273
141.28
141.287
141.295
141.302
141.309
141.316
141.323
141.33
141.338
141.345
141.352
141.359
141.366
141.373
141.38
141.388
141.395
141.402
141.409
141.416
141.423
141.431
141.438
141.445
141.452
141.459
141.466
141.474
141.481
141.488
141.495
141.502
141.509
141.516
141.524
141.531
141.538
141.545
141.552
141.559
141.566
141.574
141.581
141.588
141.595
141.602
141.609
141.617
141.624
141.631
141.638
141.645
141.652
141.659
141.667
141.674
141.681
141.688
141.695
141.702
141.709
141.717
141.724
141.731
141.738
141.745
141.752
141.759
141.767
141.774
141.781
141.788
141.795
141.802
141.809
141.817
141.824
141.831
141.838
141.845
141.852
141.859
141.867
141.874
141.881
141.888
141.895
141.902
141.909
141.916
141.924
141.931
141.938
141.945
141.952
141.959
141.966
141.974
141.981
141.988
141.995
142.002
142.009
142.016
142.023
142.031
142.038
142.045
142.052
142.059
142.066
142.073
142.081
142.088
142.095
142.102
142.109
142.116
142.123
142.13
142.137
142.145
142.152
142.159
142.166
142.173
142.18
142.187
142.194
142.202
142.209
142.216
142.223
142.23
142.237
142.244
142.251
142.258
142.266
142.273
142.28
142.287
142.294
142.301
142.308
142.315
142.323
142.33
142.337
142.344
142.351
142.358
142.365
142.372
142.379
142.387
142.394
142.401
142.408
