0
1.43141e-09
0.0165465
1994.58
1.03578e+08
1.04224e+08
1.04243e+08
1.04257e+08
1.10267e+08
1.10378e+08
1.10382e+08
1.12476e+08
1.12479e+08
1.12671e+08
1.12748e+08
1.12757e+08
1.12763e+08
1.12773e+08
1.12774e+08
1.15864e+08
1.15875e+08
1.16634e+08
1.16636e+08
1.17012e+08
1.17979e+08
1.18001e+08
1.18026e+08
1.18054e+08
1.18058e+08
1.18059e+08
1.1806e+08
1.18067e+08
1.1812e+08
1.18122e+08
1.18123e+08
1.18124e+08
1.18125e+08
1.18125e+08
1.18135e+08
1.18137e+08
1.18292e+08
1.18356e+08
1.18359e+08
1.18374e+08
1.18374e+08
1.18375e+08
1.18376e+08
4.30784e+08
4.30784e+08
4.30785e+08
4.30799e+08
4.30815e+08
4.30825e+08
4.30825e+08
4.30831e+08
4.30833e+08
4.30833e+08
4.30833e+08
4.3101e+08
4.31025e+08
4.31026e+08
4.31029e+08
4.3106e+08
4.31067e+08
4.31069e+08
4.3107e+08
4.31074e+08
4.31074e+08
4.31075e+08
4.31078e+08
4.3108e+08
4.3108e+08
4.31084e+08
4.31085e+08
4.31086e+08
4.31086e+08
4.31087e+08
4.31087e+08
4.31089e+08
4.311e+08
4.31104e+08
4.31104e+08
4.31108e+08
4.31108e+08
4.31114e+08
4.31114e+08
4.31114e+08
4.31114e+08
4.31114e+08
4.31117e+08
4.31118e+08
4.31118e+08
4.31119e+08
4.31121e+08
4.31123e+08
4.31123e+08
4.31126e+08
4.31127e+08
4.31127e+08
4.31133e+08
