8.18547e-12
1.65354e-14
1.50432e-07
3.44789e-07
5.13992e-07
6.29833e-07
7.0782e-07
7.49513e-07
7.69212e-07
7.7948e-07
7.85806e-07
7.8874e-07
7.93563e-07
8.01304e-07
8.13131e-07
8.3018e-07
8.31663e-07
8.40816e-07
8.58546e-07
8.8489e-07
9.13015e-07
9.43213e-07
9.70962e-07
9.96124e-07
1.01823e-06
1.03952e-06
1.05751e-06
1.07332e-06
1.08743e-06
1.09973e-06
1.10766e-06
1.11419e-06
1.11852e-06
1.12199e-06
1.12453e-06
1.12692e-06
1.12886e-06
1.13126e-06
1.13422e-06
1.13811e-06
1.14161e-06
1.14242e-06
1.14242e-06
1.14486e-06
1.14881e-06
1.15341e-06
1.15712e-06
1.16209e-06
1.16747e-06
1.17412e-06
1.17885e-06
1.18236e-06
1.18484e-06
1.18776e-06
1.18981e-06
1.19083e-06
1.19125e-06
1.19088e-06
1.19046e-06
1.19017e-06
1.1898e-06
1.18611e-06
1.18243e-06
1.17709e-06
1.17114e-06
1.16495e-06
1.1587e-06
1.15154e-06
1.14394e-06
1.1374e-06
1.13078e-06
1.12472e-06
1.11777e-06
1.11128e-06
1.10453e-06
1.09805e-06
1.09089e-06
1.08386e-06
1.07667e-06
1.06975e-06
1.06319e-06
1.05668e-06
1.05055e-06
1.04444e-06
1.03803e-06
1.03163e-06
1.02492e-06
1.01847e-06
1.01218e-06
1.00626e-06
1.0003e-06
9.94305e-07
9.88423e-07
9.82567e-07
9.76538e-07
9.70682e-07
9.6466e-07
9.58687e-07
9.526e-07
9.4653e-07
9.40172e-07
9.34195e-07
9.28348e-07
9.22696e-07
9.17076e-07
9.11457e-07
9.05862e-07
9.0024e-07
8.9465e-07
8.88966e-07
8.83289e-07
8.7798e-07
8.72738e-07
8.67757e-07
8.62779e-07
8.57854e-07
8.53055e-07
8.48406e-07
8.43698e-07
8.38997e-07
8.34289e-07
8.29404e-07
8.24541e-07
8.19683e-07
8.1491e-07
8.10141e-07
8.05434e-07
8.00815e-07
7.96359e-07
7.92008e-07
7.87728e-07
7.8352e-07
7.79343e-07
7.75185e-07
7.71185e-07
7.67292e-07
7.63411e-07
7.59567e-07
7.55719e-07
7.5191e-07
7.48175e-07
7.4453e-07
7.40938e-07
7.37422e-07
7.33937e-07
7.30477e-07
7.27102e-07
7.23834e-07
7.20635e-07
7.17497e-07
7.14434e-07
7.11378e-07
7.08314e-07
7.05356e-07
7.02474e-07
6.99645e-07
6.9684e-07
6.94002e-07
6.91114e-07
6.88297e-07
6.85571e-07
6.82871e-07
6.80234e-07
6.77593e-07
6.74978e-07
6.72394e-07
6.69819e-07
6.67256e-07
6.64662e-07
6.62084e-07
6.59503e-07
6.56936e-07
6.54395e-07
6.51768e-07
6.49094e-07
6.46421e-07
6.43659e-07
6.40921e-07
6.38184e-07
6.355e-07
6.32808e-07
6.30149e-07
6.27492e-07
6.2485e-07
6.22221e-07
6.19608e-07
6.16988e-07
6.1438e-07
6.1178e-07
6.09221e-07
6.06632e-07
6.04087e-07
6.0159e-07
5.99077e-07
5.96578e-07
5.94042e-07
5.9155e-07
5.89062e-07
5.86602e-07
5.84175e-07
5.81818e-07
5.79492e-07
5.77182e-07
5.74906e-07
5.72677e-07
5.70457e-07
5.68275e-07
5.66108e-07
5.63915e-07
5.61735e-07
5.59583e-07
5.57446e-07
5.55347e-07
5.53264e-07
5.51191e-07
5.4914e-07
5.47104e-07
5.45098e-07
5.43163e-07
5.41273e-07
5.39372e-07
5.37486e-07
5.35616e-07
5.33765e-07
5.31926e-07
5.30116e-07
5.28325e-07
5.26561e-07
5.24816e-07
5.2319e-07
5.21579e-07
5.19968e-07
5.18446e-07
5.16893e-07
5.1535e-07
5.13822e-07
5.12287e-07
5.10779e-07
5.09273e-07
5.07749e-07
5.06213e-07
5.04726e-07
5.03238e-07
5.0173e-07
5.00201e-07
4.987e-07
4.97218e-07
4.95707e-07
4.94294e-07
4.92859e-07
4.91435e-07
4.90032e-07
4.88596e-07
4.87174e-07
4.85731e-07
4.84334e-07
4.82958e-07
4.8157e-07
4.80208e-07
4.78869e-07
4.77524e-07
4.76196e-07
4.74854e-07
4.7352e-07
4.72191e-07
4.70884e-07
4.69569e-07
4.6824e-07
4.66909e-07
4.65613e-07
4.64342e-07
4.63076e-07
4.61823e-07
4.60584e-07
4.59362e-07
4.58165e-07
4.56978e-07
4.55811e-07
4.54641e-07
4.53476e-07
4.52334e-07
4.51205e-07
4.50078e-07
4.48974e-07
4.47896e-07
4.46834e-07
4.45771e-07
4.44718e-07
4.4367e-07
4.42707e-07
4.41754e-07
4.40801e-07
4.39843e-07
4.38878e-07
4.37909e-07
4.36951e-07
4.35997e-07
4.35038e-07
4.34074e-07
4.33114e-07
4.32155e-07
4.31209e-07
4.30255e-07
4.29483e-07
4.28742e-07
4.27962e-07
4.27196e-07
4.26417e-07
4.25631e-07
4.24832e-07
4.24035e-07
4.23222e-07
4.22349e-07
4.21473e-07
4.20538e-07
4.19557e-07
4.18587e-07
4.17607e-07
4.16619e-07
4.15651e-07
4.14662e-07
4.13677e-07
4.12682e-07
4.11685e-07
4.10769e-07
4.09862e-07
4.08953e-07
4.08046e-07
4.0713e-07
4.06212e-07
4.0526e-07
4.04297e-07
4.03294e-07
4.02304e-07
4.01292e-07
4.0029e-07
3.99287e-07
3.98312e-07
3.97338e-07
3.96387e-07
3.95442e-07
3.945e-07
3.9356e-07
3.92613e-07
3.91676e-07
3.90749e-07
3.89817e-07
3.88884e-07
3.87957e-07
3.87035e-07
3.86116e-07
3.8519e-07
3.84275e-07
3.83298e-07
3.82324e-07
3.81338e-07
3.8036e-07
3.79384e-07
3.78409e-07
3.77437e-07
3.76472e-07
3.7551e-07
3.74555e-07
3.73602e-07
3.72648e-07
3.71698e-07
3.70754e-07
3.69828e-07
3.68904e-07
3.67982e-07
3.6707e-07
3.66175e-07
3.65287e-07
3.64405e-07
3.63532e-07
3.62661e-07
3.61799e-07
3.60945e-07
3.601e-07
3.59263e-07
3.58439e-07
3.57628e-07
3.56825e-07
3.56032e-07
3.55254e-07
3.54477e-07
3.53692e-07
3.52928e-07
3.52177e-07
3.51433e-07
3.50694e-07
3.49962e-07
3.49232e-07
3.48508e-07
3.47786e-07
3.47074e-07
3.4637e-07
3.45672e-07
3.44969e-07
3.44262e-07
3.43553e-07
3.42838e-07
3.4213e-07
3.41428e-07
3.40731e-07
3.40037e-07
3.39349e-07
3.38663e-07
3.37975e-07
3.37285e-07
3.36605e-07
3.35932e-07
3.35266e-07
3.34602e-07
3.33946e-07
3.33293e-07
3.32646e-07
3.32001e-07
3.31378e-07
3.30747e-07
3.30117e-07
3.29493e-07
3.2887e-07
3.28249e-07
3.2763e-07
3.27015e-07
3.26403e-07
3.25797e-07
3.25189e-07
3.24585e-07
3.23994e-07
3.23404e-07
3.22825e-07
3.22245e-07
3.21667e-07
3.21086e-07
3.20507e-07
3.19936e-07
3.19335e-07
3.18738e-07
3.18146e-07
3.17559e-07
3.16982e-07
3.16408e-07
3.15839e-07
3.15271e-07
3.14705e-07
3.1414e-07
3.13577e-07
3.13022e-07
3.12481e-07
3.1194e-07
3.11399e-07
3.10868e-07
3.10338e-07
3.09811e-07
3.09285e-07
3.08761e-07
3.08239e-07
3.0772e-07
3.07208e-07
3.06697e-07
3.0619e-07
3.05689e-07
3.05192e-07
3.04692e-07
3.04196e-07
3.03705e-07
3.03219e-07
3.02737e-07
3.0225e-07
3.01763e-07
3.01282e-07
3.00802e-07
3.00326e-07
2.9985e-07
2.99377e-07
2.98907e-07
2.98442e-07
2.97982e-07
2.97529e-07
2.97081e-07
2.96639e-07
2.96196e-07
2.95756e-07
2.95316e-07
2.94878e-07
2.94441e-07
2.93999e-07
2.93557e-07
2.93112e-07
2.92667e-07
2.92225e-07
2.91785e-07
2.91343e-07
2.90901e-07
2.90458e-07
2.90013e-07
2.8957e-07
2.89129e-07
