10
9.999
9.998
9.997
9.996
9.995
9.994
9.99301
9.99201
9.99101
9.99001
9.98902
9.98802
9.98702
9.98603
9.98503
9.98404
9.98304
9.98205
9.98105
9.98006
9.97906
9.97807
9.97708
9.97608
9.97509
9.9741
9.97311
9.97212
9.97113
9.97013
9.96914
9.96815
9.96716
9.96617
9.96518
9.96419
9.9632
9.96221
9.96123
9.96024
9.95925
9.95826
9.95727
9.95628
9.9553
9.95431
9.95333
9.95234
9.95135
9.95037
9.94938
9.9484
9.94742
9.94643
9.94545
9.94446
9.94348
9.9425
9.94151
9.94053
9.93955
9.93857
9.93759
9.9366
9.93562
9.93464
9.93366
9.93268
9.9317
9.93072
9.92974
9.92876
9.92778
9.92681
9.92583
9.92485
9.92387
9.9229
9.92192
9.92094
9.91996
9.91899
9.91801
9.91704
9.91606
9.91509
9.91411
9.91314
9.91216
9.91119
9.91022
9.90924
9.90827
9.9073
9.90633
9.90536
9.90438
9.90341
9.90244
9.90147
9.9005
9.89953
9.89856
9.89759
9.89662
9.89565
9.89468
9.89371
9.89274
9.89178
9.89081
9.88984
9.88887
9.88791
9.88694
9.88597
9.88501
9.88404
9.88307
9.88211
9.88115
9.88018
9.87922
9.87825
9.87729
9.87633
9.87536
9.8744
9.87344
9.87248
9.87151
9.87055
9.86959
9.86863
9.86766
9.8667
9.86575
9.86479
9.86382
9.86287
9.8619
9.86095
9.85999
9.85903
9.85807
9.85711
9.85616
9.8552
9.85424
9.85328
9.85233
9.85137
9.85042
9.84946
9.84851
9.84755
9.8466
9.84564
9.84469
9.84373
9.84278
9.84182
9.84087
9.83992
9.83897
9.83801
9.83706
9.83611
9.83516
9.83421
9.83326
9.8323
9.83136
9.8304
9.82945
9.8285
9.82755
9.82661
9.82566
9.82471
9.82376
9.82281
9.82187
9.82092
9.81997
9.81902
9.81808
9.81713
9.81619
9.81524
9.81429
9.81335
9.8124
9.81146
9.81051
9.80957
9.80863
9.80768
9.80674
9.8058
9.80485
9.80391
9.80297
9.80203
9.80109
9.80014
9.7992
9.79826
9.79732
9.79638
9.79544
9.7945
9.79356
9.79263
9.79169
9.79075
9.78981
9.78887
9.78793
9.78699
9.78606
9.78512
9.78418
9.78324
9.78231
9.78137
9.78044
9.7795
9.77857
9.77763
9.7767
9.77576
9.77483
9.77389
9.77296
9.77203
9.77109
9.77016
9.76923
9.7683
9.76737
9.76644
9.7655
9.76457
9.76364
9.76271
9.76178
9.76085
9.75992
9.75899
9.75806
9.75713
9.7562
9.75527
9.75435
9.75342
9.75249
9.75156
9.75063
9.74971
9.74878
9.74785
9.74693
9.74601
9.74508
9.74415
9.74322
9.7423
9.74138
9.74045
9.73953
9.7386
9.73768
9.73676
9.73584
9.73491
9.73399
9.73307
9.73215
9.73122
9.7303
9.72938
9.72846
9.72754
9.72662
9.7257
9.72478
9.72386
9.72294
9.72202
9.7211
9.72019
9.71927
9.71835
9.71743
9.71651
9.7156
9.71468
9.71376
9.71285
9.71193
9.71101
9.71009
9.70918
9.70827
9.70735
9.70644
9.70553
9.70461
9.70369
9.70278
9.70187
9.70096
9.70004
9.69913
9.69822
9.6973
9.69639
9.69548
9.69457
9.69366
9.69275
9.69184
9.69093
9.69002
9.68911
9.6882
9.68729
9.68638
9.68547
9.68456
9.68366
9.68274
9.68184
9.68093
9.68002
9.67912
9.67821
9.67731
9.6764
9.67549
9.67459
9.67368
9.67278
9.67187
9.67097
9.67006
9.66916
9.66825
9.66735
9.66645
9.66554
9.66464
9.66374
9.66284
9.66193
9.66103
9.66013
9.65923
9.65833
9.65743
9.65653
9.65562
9.65472
9.65382
9.65293
9.65203
9.65113
9.65023
9.64933
9.64843
9.64754
9.64664
9.64574
9.64484
9.64394
9.64305
9.64215
9.64125
9.64036
9.63946
9.63857
9.63767
9.63678
9.63588
9.63499
9.63409
9.63319
9.63231
9.63141
9.63052
9.62962
9.62873
9.62784
9.62695
9.62605
9.62516
9.62427
9.62338
9.62249
9.6216
9.62071
9.61982
9.61893
9.61803
9.61714
9.61626
9.61537
9.61448
9.61359
9.6127
9.61181
9.61093
9.61003
9.60915
9.60826
9.60738
9.60649
9.6056
9.60472
9.60383
9.60294
9.60206
9.60117
9.60029
9.5994
9.59852
9.59764
9.59675
9.59587
9.59498
9.5941
9.59322
9.59234
9.59146
9.59057
9.58969
9.58881
9.58793
9.58704
9.58616
9.58528
9.5844
9.58352
9.58264
9.58176
9.58088
9.58
9.57912
9.57824
9.57736
9.57648
9.57561
9.57473
9.57385
9.57298
9.5721
9.57122
9.57034
9.56947
9.56859
9.56771
9.56684
9.56597
9.56509
9.56421
9.56334
9.56246
9.56159
9.56072
9.55984
9.55897
9.5581
9.55722
9.55635
9.55548
9.5546
9.55373
9.55286
9.55199
9.55112
9.55024
9.54937
9.5485
9.54763
9.54676
9.54589
9.54502
9.54415
9.54328
9.54242
9.54154
9.54068
9.53981
9.53894
9.53808
9.5372
9.53634
9.53547
9.53461
9.53374
9.53287
9.532
9.53114
9.53027
9.52941
9.52854
9.52768
9.52681
9.52595
9.52509
9.52422
9.52335
9.52249
9.52163
9.52077
9.5199
9.51904
9.51818
9.51732
9.51645
9.51559
9.51473
9.51387
9.51301
9.51215
9.51129
9.51042
9.50957
9.5087
9.50784
9.50699
9.50613
9.50527
9.50441
9.50355
9.50269
9.50184
9.50098
9.50012
9.49926
9.4984
9.49755
9.49669
9.49583
9.49498
9.49412
9.49327
9.49241
9.49156
9.4907
9.48985
9.48899
9.48814
9.48728
9.48643
9.48558
9.48472
9.48387
9.48302
9.48217
9.48131
9.48046
9.47961
9.47876
9.47791
9.47705
9.4762
9.47535
9.4745
9.47365
9.4728
9.47195
9.4711
9.47025
9.4694
9.46855
9.4677
9.46686
9.46601
9.46516
9.46431
9.46346
9.46262
9.46177
9.46092
9.46007
9.45923
9.45838
9.45754
9.45669
9.45584
9.455
9.45415
9.45331
9.45246
9.45162
9.45078
9.44993
9.44909
9.44825
9.4474
9.44656
9.44571
9.44487
9.44403
9.44319
9.44234
9.4415
9.44066
9.43982
9.43898
9.43814
9.4373
9.43646
9.43561
9.43478
9.43394
9.4331
9.43226
9.43142
9.43058
9.42974
9.4289
9.42806
9.42723
9.42639
9.42555
9.42471
9.42387
9.42304
9.4222
9.42137
9.42053
9.41969
9.41886
9.41802
9.41719
9.41635
9.41552
9.41468
9.41385
9.41301
9.41218
9.41135
9.41051
9.40968
9.40885
9.40801
9.40718
9.40635
9.40552
9.40469
9.40385
9.40302
9.40219
9.40136
9.40053
9.3997
9.39887
9.39803
9.39721
9.39638
9.39555
9.39472
9.39389
9.39306
9.39223
9.3914
9.39057
9.38975
9.38892
9.38809
9.38727
9.38644
9.38561
9.38478
9.38396
9.38313
9.38231
9.38148
9.38065
9.37983
9.37901
9.37817
9.37735
9.37653
9.3757
9.37488
9.37406
9.37323
9.37241
9.37159
9.37076
9.36994
9.36912
9.3683
9.36747
9.36665
9.36583
9.36501
9.36419
9.36337
9.36255
9.36172
9.3609
9.36008
9.35926
9.35844
9.35763
9.35681
9.35599
9.35517
9.35435
9.35353
9.35271
9.35189
9.35108
9.35026
9.34944
9.34862
9.34781
9.34699
9.34617
9.34536
9.34454
9.34372
9.34291
9.3421
9.34128
9.34046
9.33965
9.33884
9.33802
9.33721
9.33639
9.33558
9.33476
9.33395
9.33314
9.33232
9.33151
9.3307
9.32989
9.32908
9.32826
9.32745
9.32664
9.32583
9.32502
9.32421
9.3234
9.32259
9.32178
9.32097
9.32015
9.31935
9.31854
9.31773
9.31692
9.31611
9.3153
9.3145
9.31369
9.31288
9.31207
9.31127
9.31046
9.30965
9.30884
9.30803
9.30723
9.30643
9.30562
9.30481
9.30401
9.3032
9.30239
9.30159
9.30079
9.29998
9.29918
9.29837
9.29757
9.29677
9.29596
9.29516
9.29435
9.29355
9.29275
9.29195
9.29114
9.29035
9.28954
9.28874
9.28794
9.28714
9.28634
9.28554
9.28474
9.28394
9.28314
9.28234
9.28154
9.28074
9.27994
9.27914
9.27834
9.27754
9.27674
9.27594
9.27515
9.27435
9.27355
9.27275
9.27196
9.27116
9.27036
9.26957
9.26877
9.26797
9.26718
9.26638
9.26559
9.26479
9.264
9.2632
9.26241
9.26161
9.26082
9.26002
9.25923
9.25843
9.25764
9.25685
9.25605
9.25526
9.25447
9.25368
9.25288
9.25209
9.2513
9.25051
9.24972
9.24893
9.24814
9.24734
9.24655
9.24576
9.24497
9.24418
9.24339
9.2426
9.24182
9.24102
9.24023
9.23945
9.23866
9.23787
9.23708
9.23629
9.2355
9.23472
9.23393
9.23314
9.23235
9.23157
9.23078
9.23
9.22921
9.22842
9.22764
9.22685
9.22606
9.22528
9.2245
9.22371
9.22293
9.22214
9.22136
9.22057
9.21979
9.21901
9.21822
9.21744
9.21666
9.21587
9.21509
9.21431
9.21353
9.21274
9.21196
9.21118
9.2104
9.20962
9.20884
9.20806
9.20727
9.20649
9.20571
9.20493
9.20415
9.20337
9.20259
9.20181
9.20104
9.20026
9.19948
9.1987
9.19792
9.19714
9.19636
9.19559
9.19481
9.19403
9.19326
9.19248
9.1917
9.19092
9.19015
9.18937
9.1886
9.18782
9.18705
9.18627
9.1855
9.18472
9.18395
9.18317
9.18239
9.18162
9.18085
9.18008
9.1793
9.17853
9.17776
9.17698
9.17621
9.17544
9.17466
9.17389
9.17312
9.17235
9.17158
9.17081
9.17003
9.16926
9.16849
9.16772
9.16695
9.16618
9.16541
9.16464
9.16387
9.1631
9.16233
9.16156
9.16079
9.16002
9.15926
9.15849
9.15772
9.15695
9.15619
9.15542
9.15465
9.15388
9.15311
9.15235
9.15158
9.15082
9.15005
9.14928
9.14852
9.14775
9.14699
9.14622
9.14546
9.14469
9.14393
9.14316
9.1424
9.14163
9.14087
9.14011
9.13934
9.13858
9.13782
9.13705
9.13629
9.13553
9.13476
9.134
9.13324
9.13248
9.13172
9.13096
9.13019
9.12943
9.12867
9.12791
9.12715
9.12639
9.12563
9.12487
9.12411
9.12335
9.1226
9.12183
9.12108
9.12032
9.11956
9.1188
9.11804
9.11728
9.11653
9.11576
9.11501
9.11426
9.1135
9.11274
9.11198
9.11123
9.11047
9.10971
9.10896
9.1082
9.10744
9.10669
9.10594
9.10518
9.10443
9.10367
9.10292
9.10216
9.10141
9.10066
9.0999
9.09915
9.0984
9.09764
9.09689
9.09614
9.09538
9.09463
9.09388
9.09313
9.09238
9.09163
9.09087
9.09012
9.08937
9.08862
9.08787
9.08712
9.08637
9.08561
9.08487
9.08412
9.08337
9.08262
9.08187
9.08112
9.08037
9.07963
9.07887
9.07813
9.07738
9.07663
9.07588
9.07514
9.07439
9.07364
9.0729
9.07215
9.0714
9.07066
9.06991
9.06916
9.06842
9.06767
9.06692
9.06618
9.06544
9.06469
9.06394
9.0632
9.06246
9.06171
9.06097
9.06022
9.05948
9.05874
9.05799
9.05725
9.05651
9.05576
9.05502
9.05428
9.05354
9.0528
9.05205
9.05131
9.05057
9.04983
9.04909
9.04835
9.04761
9.04687
9.04613
9.04539
9.04464
9.0439
9.04316
9.04243
9.04169
9.04095
9.04021
9.03947
9.03873
9.03799
9.03725
9.03652
9.03578
9.03504
9.0343
9.03357
9.03283
9.03209
9.03136
9.03062
9.02988
9.02915
9.02841
9.02768
9.02694
9.0262
9.02547
9.02473
9.024
9.02326
9.02253
9.02179
9.02106
9.02033
9.01959
9.01886
9.01812
9.01739
9.01666
9.01592
9.01519
9.01446
9.01373
9.01299
9.01226
9.01153
9.0108
9.01007
9.00934
9.00861
9.00787
9.00714
9.00641
9.00568
9.00495
9.00422
9.00349
9.00276
9.00203
9.0013
9.00058
8.99984
8.99911
8.99839
8.99766
8.99693
8.9962
8.99547
8.99474
8.99402
8.99329
8.99256
8.99184
8.99111
8.99038
8.98966
8.98893
8.9882
8.98748
8.98675
8.98603
8.9853
8.98457
8.98385
8.98312
8.9824
8.98167
8.98095
8.98022
8.9795
8.97878
8.97805
8.97733
8.97661
8.97588
8.97516
8.97444
8.97371
8.97299
8.97227
8.97155
8.97082
8.9701
8.96938
8.96866
8.96794
8.96721
8.9665
8.96578
8.96506
8.96434
8.96361
8.96289
8.96217
8.96145
8.96073
8.96002
8.9593
8.95858
8.95786
8.95714
8.95642
8.9557
8.95499
8.95427
8.95355
8.95283
8.95211
8.9514
8.95068
8.94996
8.94925
8.94853
8.94781
8.9471
8.94638
8.94566
8.94494
8.94423
8.94352
8.9428
8.94209
8.94137
8.94065
8.93994
8.93923
8.93851
8.9378
8.93709
8.93637
8.93566
8.93494
8.93423
8.93352
8.93281
8.93209
8.93138
8.93067
8.92995
8.92924
8.92853
8.92782
8.92711
8.9264
8.92569
8.92497
8.92427
8.92355
8.92284
8.92213
8.92142
8.92071
8.92
8.91929
8.91858
8.91787
8.91716
8.91646
8.91575
8.91504
8.91433
8.91362
8.91291
8.9122
8.9115
8.91079
8.91008
8.90937
8.90867
8.90796
8.90725
8.90655
8.90584
8.90513
8.90443
8.90372
8.90302
8.90231
8.90161
8.9009
8.90019
8.89949
8.89879
8.89808
8.89738
8.89667
8.89597
8.89526
8.89456
8.89386
8.89315
8.89245
8.89175
8.89104
8.89034
8.88964
8.88894
8.88823
8.88753
8.88683
8.88613
8.88542
8.88472
8.88402
8.88332
8.88262
8.88192
8.88122
8.88052
8.87982
8.87912
8.87842
8.87772
8.87702
8.87632
8.87562
8.87492
8.87422
8.87352
8.87283
8.87213
8.87143
8.87073
8.87003
8.86933
8.86864
8.86794
8.86724
8.86654
8.86585
8.86515
8.86445
8.86376
8.86306
8.86237
8.86167
8.86097
8.86028
8.85959
8.85889
8.85819
8.8575
8.8568
8.85611
8.85541
8.85472
8.85402
8.85333
8.85264
8.85194
8.85125
8.85056
8.84986
8.84917
8.84848
8.84778
8.84709
8.8464
8.84571
8.84501
8.84432
8.84363
8.84294
8.84225
8.84156
8.84087
8.84018
8.83948
8.83879
8.8381
8.83741
8.83672
8.83603
8.83534
8.83465
8.83396
8.83327
8.83258
8.8319
8.83121
8.83052
8.82983
8.82914
8.82845
8.82776
8.82708
8.82639
8.8257
8.82501
8.82432
8.82364
8.82295
8.82227
8.82158
8.82089
8.82021
8.81952
8.81883
8.81815
8.81746
8.81678
8.81609
8.81541
8.81472
8.81404
8.81335
8.81267
8.81198
8.8113
8.81061
8.80993
8.80925
8.80856
8.80788
8.8072
8.80651
8.80583
8.80515
8.80447
8.80378
8.8031
8.80242
8.80174
8.80105
8.80037
8.79969
8.79901
8.79833
8.79765
8.79697
8.79629
8.79561
8.79492
8.79425
8.79357
8.79288
8.79221
8.79153
8.79085
8.79017
8.78949
8.78881
8.78813
8.78745
8.78677
8.78609
8.78542
8.78474
8.78406
8.78338
8.78271
8.78203
8.78135
8.78067
8.78
8.77932
8.77864
8.77797
8.77729
8.77661
8.77594
8.77526
8.77459
8.77391
8.77324
8.77256
8.77189
8.77121
8.77054
8.76986
8.76919
8.76851
8.76784
8.76716
8.76649
8.76582
8.76514
8.76447
8.7638
8.76312
8.76245
8.76178
8.76111
8.76043
8.75976
8.75909
8.75842
8.75774
8.75707
8.7564
8.75573
8.75506
8.75439
8.75372
8.75305
8.75238
8.75171
8.75103
8.75036
8.7497
8.74902
8.74835
8.74769
8.74702
8.74635
8.74568
8.74501
8.74434
8.74367
8.743
8.74234
8.74167
8.741
8.74033
8.73966
8.739
8.73833
8.73766
8.737
8.73633
8.73566
8.73499
8.73433
8.73366
8.733
8.73233
8.73166
8.731
8.73033
8.72967
8.729
8.72833
8.72767
8.72701
8.72634
8.72568
8.72501
8.72435
8.72369
8.72302
8.72236
8.72169
8.72103
8.72037
8.7197
8.71904
8.71838
8.71772
8.71705
8.71639
8.71573
8.71507
8.71441
8.71375
8.71308
8.71242
8.71176
8.7111
8.71044
8.70978
8.70912
8.70846
8.7078
8.70714
8.70648
8.70582
8.70516
8.7045
8.70383
8.70318
8.70252
8.70186
8.7012
8.70054
8.69988
8.69923
8.69857
8.69791
8.69725
8.69659
8.69594
8.69528
8.69462
8.69396
8.69331
8.69265
8.69199
8.69133
8.69068
8.69002
8.68937
8.68871
8.68805
8.6874
8.68674
8.68609
8.68543
8.68478
8.68412
8.68346
8.68281
8.68216
8.6815
8.68085
8.68019
8.67954
8.67889
8.67823
8.67758
8.67692
8.67627
8.67562
8.67497
8.67431
8.67366
8.67301
8.67236
8.67171
8.67105
8.6704
8.66975
8.6691
8.66844
8.66779
8.66714
8.66649
8.66584
8.66519
8.66454
8.66389
8.66324
8.66259
8.66194
8.66129
8.66064
8.65999
8.65934
8.65869
8.65804
8.65739
8.65674
8.6561
8.65545
8.6548
8.65415
8.6535
8.65286
8.65221
8.65156
8.65091
8.65026
8.64962
8.64897
8.64833
8.64768
8.64703
8.64638
8.64574
8.64509
8.64445
8.6438
8.64315
8.64251
8.64186
8.64121
8.64057
8.63993
8.63928
8.63864
8.63799
8.63735
8.63671
8.63606
8.63542
8.63477
8.63413
8.63349
8.63284
8.6322
8.63155
8.63091
8.63026
8.62963
8.62898
8.62834
8.6277
8.62705
8.62642
8.62577
8.62513
8.62449
8.62385
8.62321
8.62256
8.62193
8.62128
8.62064
8.62
8.61936
8.61872
8.61808
8.61744
8.6168
8.61616
8.61552
8.61488
8.61424
8.6136
8.61296
8.61233
8.61169
8.61105
8.61041
8.60977
8.60913
8.60849
8.60785
8.60722
8.60658
8.60594
8.60531
8.60467
8.60403
8.6034
8.60276
8.60212
8.60149
8.60085
8.60021
8.59958
8.59894
8.59831
8.59767
8.59704
8.5964
8.59577
8.59513
8.59449
8.59386
8.59322
8.59259
8.59196
8.59132
8.59069
8.59005
8.58942
8.58879
8.58815
8.58752
8.58689
8.58625
8.58562
8.58499
8.58435
8.58372
8.58309
8.58246
8.58182
8.58119
8.58056
8.57993
8.5793
8.57867
8.57804
8.5774
8.57677
8.57614
8.57551
8.57488
8.57425
8.57362
8.57299
8.57236
8.57173
8.5711
8.57047
8.56984
8.56921
8.56858
8.56795
8.56732
8.5667
8.56607
8.56544
8.56481
8.56418
8.56355
8.56292
8.5623
8.56167
8.56104
8.56042
8.55979
8.55916
8.55854
8.55791
8.55728
8.55665
8.55603
8.5554
8.55478
8.55415
8.55352
8.5529
8.55227
8.55165
8.55102
8.55039
8.54977
8.54915
8.54852
8.5479
8.54727
8.54665
8.54602
8.5454
8.54477
8.54415
8.54353
8.54291
8.54228
8.54166
8.54103
8.54041
8.53979
8.53916
8.53854
8.53792
8.5373
8.53667
8.53605
8.53543
8.53481
8.53418
8.53357
8.53294
8.53232
8.5317
8.53109
8.53046
8.52984
8.52922
8.5286
8.52798
8.52736
8.52674
8.52612
8.5255
8.52488
8.52426
8.52364
8.52302
8.5224
8.52178
8.52116
8.52055
8.51993
8.51931
8.51869
8.51807
8.51745
8.51684
8.51622
8.5156
8.51498
8.51436
8.51375
8.51313
8.51251
8.5119
8.51128
8.51067
8.51005
8.50943
8.50882
8.5082
8.50759
8.50697
8.50635
8.50574
8.50512
8.5045
8.50389
8.50328
8.50266
8.50205
8.50143
8.50082
8.5002
8.49959
8.49898
8.49836
8.49775
8.49714
8.49652
8.49591
8.4953
8.49468
8.49407
8.49345
8.49284
8.49223
8.49162
8.49101
8.4904
8.48978
8.48917
8.48856
8.48795
8.48733
8.48672
8.48612
8.4855
8.48489
8.48428
8.48367
8.48306
8.48245
8.48184
8.48123
8.48062
8.48001
8.47939
8.47879
8.47818
8.47757
8.47696
8.47635
8.47574
8.47513
8.47453
8.47392
8.47331
8.4727
8.47209
8.47149
8.47087
8.47027
8.46966
8.46905
8.46845
8.46784
8.46723
8.46662
8.46602
8.46541
8.46481
8.4642
8.46359
8.46299
8.46238
8.46177
8.46117
8.46056
8.45996
8.45935
8.45875
8.45814
8.45753
8.45693
8.45632
8.45572
8.45512
8.45451
8.45391
8.4533
8.4527
8.45209
8.45149
8.45089
8.45028
8.44968
8.44908
8.44847
8.44787
8.44727
8.44667
8.44606
8.44546
8.44486
8.44426
8.44366
8.44305
8.44245
8.44185
8.44125
8.44065
8.44004
8.43944
8.43884
8.43824
8.43764
8.43704
8.43644
8.43584
8.43524
8.43464
8.43404
8.43344
8.43284
8.43224
8.43164
8.43104
8.43044
8.42984
8.42924
8.42864
8.42804
8.42745
8.42685
8.42625
8.42565
8.42505
8.42446
8.42386
8.42326
8.42266
8.42206
8.42146
8.42087
8.42027
8.41968
8.41908
8.41848
8.41789
8.41729
8.41669
8.4161
8.4155
8.4149
8.41431
8.41371
8.41312
8.41252
8.41193
8.41133
8.41074
8.41014
8.40955
8.40895
8.40836
8.40776
8.40717
8.40658
8.40598
8.40539
8.40479
8.4042
8.40361
8.40301
8.40242
8.40182
8.40123
8.40064
8.40005
8.39946
8.39886
8.39827
8.39767
8.39709
8.39649
8.3959
8.39531
8.39472
8.39413
8.39354
8.39294
8.39235
8.39176
8.39117
8.39058
8.38999
8.3894
8.38881
8.38822
8.38763
8.38704
8.38645
8.38586
8.38527
8.38468
8.38409
8.3835
8.38291
8.38232
8.38173
8.38114
8.38056
8.37997
8.37938
8.37879
8.3782
8.37761
8.37703
8.37644
8.37585
8.37527
8.37468
8.37409
8.3735
8.37291
8.37232
8.37174
8.37115
8.37056
8.36998
8.36939
8.36881
8.36822
8.36763
8.36705
8.36646
8.36588
8.36529
8.36471
8.36412
8.36354
8.36295
8.36237
8.36178
8.3612
8.36061
8.36003
8.35944
8.35886
8.35828
8.35769
8.35711
8.35652
8.35594
8.35536
8.35477
8.35419
8.35361
8.35303
8.35244
8.35186
8.35128
8.3507
8.35011
8.34953
