1.12807
0.734852
0.80029
0.723337
0.67383
0.60539
0.906787
0.834991
0.678825
0.685835
0.614749
0.606976
0.634638
0.610013
0.544303
0.563614
0.619906
0.553515
0.590641
0.52649
0.615407
0.556947
0.72901
0.647991
0.619066
0.582338
0.508956
0.565383
0.684813
0.652682
0.490172
0.645126
0.621362
0.523442
0.604499
0.52503
0.53111
0.562802
0.533306
0.470671
0.578944
0.582197
0.482179
0.543903
0.645958
0.602996
0.49762
0.45229
0.54706
0.490027
0.65309
0.670488
0.60711
0.592383
0.477191
0.58721
0.477653
0.530831
0.641904
0.473843
0.515068
0.48885
0.525158
0.460745
0.501817
0.561433
0.554003
0.523214
0.48013
0.405308
0.5265
0.471341
0.486993
0.545583
0.544931
0.456595
0.472177
0.470917
0.515698
0.438215
0.467345
0.477552
0.463308
0.483599
0.509637
0.402158
0.43885
0.41586
0.408293
0.474816
0.435249
0.394685
0.486602
0.45794
0.409691
0.492159
0.475442
0.443518
0.431712
0.444053
0.450421
0.526176
0.507718
0.432667
0.466415
0.443717
0.369174
0.481913
0.440542
0.442447
0.413691
0.446928
0.476817
0.425164
0.397768
0.408075
0.416257
0.447228
0.474911
0.411045
0.37326
0.432427
0.459026
0.394964
0.411253
0.433669
0.599597
0.372573
0.467073
0.606346
0.43177
0.409059
0.445075
0.456417
0.386392
0.451861
0.372501
0.51879
0.430003
0.448124
0.423756
0.486026
0.415842
0.405147
0.418511
0.441565
0.479939
0.42138
0.389159
0.500344
0.488663
0.407692
0.391227
0.40923
0.38907
0.368126
0.404519
0.453721
0.346819
0.422722
0.405946
0.446012
0.356047
0.396788
0.392986
0.390662
0.41638
0.50874
0.353977
0.326795
0.416602
0.368493
0.394826
0.362012
0.418295
0.545928
0.422805
0.414631
0.464486
0.470785
0.459341
0.394852
0.375213
0.395303
0.423905
0.360593
0.336435
0.361021
0.442568
0.405632
0.421753
0.38665
0.373211
0.367683
0.405175
0.395981
0.433981
0.363104
0.434683
0.360878
0.357226
0.353889
0.43856
0.516634
0.360179
0.384896
0.377203
0.462956
0.381608
0.468364
0.417012
0.392382
0.346847
0.322326
0.414053
0.324777
0.51218
0.42818
0.386357
0.483573
0.382248
0.407466
0.428657
0.337141
0.375782
0.347619
0.346869
0.452392
0.353789
0.39628
0.369767
0.387045
0.320907
0.338583
0.381891
0.339951
0.427684
0.447638
0.427157
0.377126
0.315199
0.379513
0.325872
0.283332
0.388367
0.369999
0.370093
0.395291
0.364023
0.371271
0.329785
0.416846
0.360281
0.381631
0.326654
0.352801
0.379306
0.325842
0.336061
0.428072
0.344131
0.3466
0.379352
0.423286
0.399016
0.391847
0.295039
0.367918
0.380879
0.385986
0.348008
0.380561
0.372134
0.312785
0.465965
0.388863
0.34349
0.385807
0.407003
0.317059
0.325085
0.391317
0.352985
0.417772
0.381805
0.348658
0.362909
0.39699
0.349983
0.35424
0.33967
0.325306
0.31743
0.35157
0.382303
0.333925
0.31877
0.310809
0.322838
0.345436
0.334358
0.304486
0.346515
0.387001
0.375241
0.370256
0.388314
0.359884
0.382481
0.325475
0.301758
0.381108
0.348972
0.336583
0.387794
0.370889
0.368577
0.346675
0.391849
0.344635
0.384101
0.34339
0.378299
0.324137
0.316943
0.350134
0.3537
0.348319
0.453932
0.368057
0.363454
0.351692
0.349457
0.327997
0.35379
0.323886
0.357931
0.37418
0.33942
0.301681
0.386721
0.313053
0.338043
0.328832
0.466816
0.364498
0.3118
0.317141
0.357999
0.34944
0.365976
0.327421
0.388425
0.328164
0.312703
0.297589
0.297684
0.325323
0.420475
0.342666
0.326444
0.344456
0.360901
0.343792
0.361839
0.263275
0.293727
0.307372
0.293851
0.321074
0.322869
0.325671
0.404185
0.383345
0.355337
0.321121
0.278257
0.306482
0.359766
0.364038
0.335988
0.304061
0.295235
0.319943
0.333996
0.335845
0.361036
0.32267
0.409418
0.330401
0.349766
0.359233
0.353833
0.307176
0.29307
0.29481
0.342327
0.322296
0.325292
0.346423
0.283796
0.363122
0.343238
0.284401
0.303058
0.279963
0.342297
0.315302
0.372202
0.322779
0.302025
0.32224
0.287572
0.343271
0.314082
0.402079
0.331572
0.305037
0.329629
0.363353
0.29387
0.313777
0.311847
0.3077
0.344929
0.295737
0.347284
0.286476
0.34649
0.305171
0.287313
0.297618
0.316921
0.326452
0.313031
0.345207
0.343259
0.282915
0.325822
0.319382
0.289535
0.330956
0.292448
0.251324
0.305232
0.3272
0.32379
0.320906
0.29027
0.285807
0.312554
0.321235
0.329693
0.245571
0.332487
0.335927
0.290215
0.397069
0.30809
0.41389
0.340423
0.339718
0.321087
0.40239
0.406851
0.31275
0.336597
0.29711
0.323546
0.286586
0.390533
0.344816
0.289658
0.355966
0.338411
0.300638
0.295185
0.307095
0.331713
0.328515
0.334905
0.275737
0.371274
0.306128
0.263102
0.338147
0.298738
0.352437
0.286748
0.322209
0.327192
0.277599
0.371967
0.332143
0.371137
0.333969
0.320595
0.372007
0.33729
0.3121
0.333792
0.324423
0.303692
0.313495
0.305634
0.271347
0.336544
0.358217
0.323024
0.316703
0.294624
0.279803
0.311579
0.30136
0.268037
0.281684
0.288884
0.255854
0.273839
0.29464
0.282192
0.334255
0.265376
0.301599
0.312474
0.368119
0.292792
0.342402
0.347154
0.293001
0.316685
0.269082
0.305978
0.283219
0.324151
0.289154
0.310972
0.276154
0.331186
0.24252
0.310368
0.294248
0.304208
0.318104
0.275651
0.328058
0.284745
0.333247
0.250975
0.297629
0.333181
0.302561
0.302679
0.240392
0.292287
0.274496
0.331487
0.266499
0.267415
0.290411
0.310236
0.281322
0.27922
0.329209
0.311814
0.288716
0.309351
0.27367
0.321092
0.25508
0.331475
0.332522
0.294865
0.272255
0.307856
0.314084
0.231018
0.315631
0.251346
0.293059
0.276788
0.408415
0.310352
0.287721
0.283277
0.285945
0.295202
0.293825
0.303927
0.284417
0.255777
0.225483
0.264033
0.228868
0.271073
0.300914
0.244114
0.305044
0.259571
0.323916
0.268065
0.303127
0.262664
0.294524
0.26078
0.290616
0.253374
0.257148
0.307145
0.239416
0.263437
0.277711
0.298867
0.265584
0.310305
0.298165
0.269663
0.258696
0.282567
0.261953
0.2398
0.28517
0.342133
0.298259
0.343586
0.24199
0.237578
0.28201
0.262398
0.276849
0.274438
0.268205
0.291263
0.239585
0.273132
0.338639
0.294247
0.318993
0.264667
0.28656
0.288542
0.350307
0.27175
0.300228
0.26457
0.2838
0.306939
0.278878
0.259735
0.268326
0.270892
0.293717
0.261602
0.283651
0.297093
0.234066
0.284254
0.245735
0.262407
0.308053
0.300498
0.266523
0.287674
0.324301
0.318071
0.258763
0.264533
0.289891
0.25086
0.254436
0.260227
0.292648
0.285134
0.257842
0.226575
0.254247
0.250054
0.252392
0.310302
0.329002
0.259714
0.298011
0.321241
0.300348
0.257106
0.274145
0.315229
0.248364
0.233633
0.274899
0.291846
0.316457
0.268164
0.267132
0.277239
0.296407
0.305566
0.320288
0.267891
0.2762
0.341361
0.256727
0.228228
0.238295
0.263758
0.267975
0.313308
0.325813
0.300282
0.234148
0.262281
0.235081
0.264011
0.284279
0.244424
0.247966
0.242698
0.268604
0.240006
0.318645
0.283498
0.282809
0.235505
0.298456
0.290922
0.272473
0.257858
0.294261
0.279479
0.237987
0.289559
0.281594
0.333649
0.356112
0.249233
0.284381
0.277347
0.277883
0.313408
0.250798
0.294947
0.291752
0.256657
0.320994
0.23362
0.278446
0.27472
0.261756
0.238389
0.275998
0.235599
0.226774
0.253972
0.252346
0.234556
0.235103
0.222131
0.254636
0.278211
0.256169
0.275747
0.29073
0.231485
0.242293
0.302601
0.249529
0.274388
0.247733
0.242979
0.285281
0.248032
0.252992
0.261411
0.239117
0.273703
0.242783
0.301615
0.233047
0.300475
0.277493
0.226728
0.244405
0.240165
0.354576
0.332606
0.281602
0.277838
0.253924
0.329976
0.238136
0.233745
0.260314
0.282472
0.287742
0.290156
0.292804
0.227542
0.261909
0.242179
0.252389
0.265907
0.264265
0.260787
0.23947
0.214992
0.25992
0.24373
0.275839
0.271053
0.290034
0.271078
0.262651
0.260252
0.269804
0.263475
0.243345
0.277341
0.27993
0.26105
0.297129
0.274194
0.273109
0.245092
0.255524
0.243733
0.268235
0.24928
0.275443
0.265042
0.258719
0.244025
0.28583
0.238603
0.273364
0.239481
0.241251
0.300736
0.298299
0.235377
0.223169
0.305859
0.266837
0.246403
0.266963
0.244666
0.29965
0.260917
0.228392
0.291164
0.265594
0.213028
0.299501
0.245714
0.209069
0.251513
0.234404
0.298278
0.247004
0.258207
0.238292
0.266522
0.260521
0.250175
0.228674
0.260804
0.319822
0.27527
0.232633
0.237935
0.237134
0.278867
0.281788
0.234291
0.249089
0.265948
0.262442
0.288259
0.21961
0.259854
0.252755
0.256747
0.253229
0.250995
0.274195
0.245544
0.245232
0.340338
0.317081
0.258215
0.265277
0.253673
0.274666
0.271046
0.234249
0.266989
0.240583
0.231408
0.244064
0.239564
0.225035
0.25293
0.278508
0.347121
0.267317
0.259945
0.25648
0.295797
0.266371
0.250251
0.234445
0.24539
0.256892
0.258595
0.251596
0.257032
0.259859
0.236421
0.256896
0.22759
0.257516
0.238351
0.280864
0.209793
0.269399
0.283145
0.220079
0.263939
0.293256
0.256035
0.258374
0.248038
0.230336
0.271031
0.226932
0.217848
0.269823
0.267626
0.287145
0.286973
0.247831
0.264728
0.290946
0.245982
0.206211
0.243454
0.23418
0.225527
0.217007
0.208763
0.26545
0.226873
0.249253
0.269521
0.257499
0.218518
0.279579
0.207412
0.238286
0.282602
0.250417
0.208709
0.21996
0.258552
0.232453
0.25346
0.2528
0.268219
0.214243
0.272539
0.243859
0.247334
0.261142
0.237375
0.179095
0.22914
0.224937
0.257328
0.203884
0.234931
0.249374
0.250896
0.222533
0.232517
0.300923
0.261567
0.267654
0.258833
0.278098
0.206415
0.226016
0.275497
0.234487
0.241133
0.230611
0.288825
0.24364
0.269802
0.224673
0.247771
0.219075
0.20994
0.244254
0.272291
0.294917
0.259428
0.228964
0.271788
0.192338
0.224368
0.238555
0.284451
0.273865
0.217615
0.22341
0.209422
0.235457
0.284658
0.245582
0.229711
0.284802
0.256779
0.334081
0.234065
0.291696
0.220257
0.233519
0.247242
0.263494
0.229949
0.245389
0.247769
0.216446
0.253085
0.207909
0.264437
0.190662
0.246285
0.223437
0.250785
0.241254
0.23892
0.189716
0.229537
0.255096
0.22705
0.247943
0.217211
0.268497
0.244912
0.237499
0.232064
0.244746
0.212777
0.24115
0.221334
0.233319
0.26854
0.248527
0.214616
0.235083
0.202933
0.219517
0.205578
0.233461
0.23675
0.203799
0.245363
0.249916
0.215069
0.319142
0.208879
0.327307
0.256574
0.27823
0.204867
0.259458
0.240751
0.237676
0.216813
0.223912
0.215734
0.251752
0.249199
0.266265
0.213931
0.225224
0.225584
0.249263
0.213447
0.244544
0.223974
0.261678
0.248157
0.251704
0.197295
0.239925
0.23794
0.218396
0.241579
0.258271
0.205066
0.231609
0.274184
0.255372
0.221127
0.228498
0.213627
0.231055
0.275035
0.255555
0.243012
0.223845
0.223945
0.211392
0.223626
0.237927
0.207832
0.227783
0.231064
0.207481
0.216963
0.248254
0.220192
0.248238
0.215953
0.215461
0.235523
0.224568
0.235788
0.214281
0.219758
0.227177
0.223038
0.251894
0.205257
0.221631
0.236298
0.246761
0.245717
0.264755
0.256724
0.225431
0.213771
0.199869
0.220667
0.222268
0.241526
0.191947
0.205545
0.241422
0.232543
0.233224
0.227455
0.225127
0.226122
0.217023
0.25336
0.244063
0.213427
0.22992
0.225949
0.221948
0.218572
0.217204
0.217994
0.206641
0.239655
0.235734
0.225552
0.220036
0.195039
0.223122
0.219147
0.225536
0.213503
0.206604
0.212466
0.202053
0.243289
0.23045
0.217798
0.233187
0.23099
0.206613
0.23487
0.220364
0.225632
0.258191
0.213085
0.229392
0.216133
0.20321
0.235834
0.225142
0.194656
0.280215
0.238561
0.24234
0.239037
0.232808
0.226017
0.188224
0.235776
0.286181
0.215755
0.236206
0.211682
0.220908
0.207487
0.209856
0.228356
0.291335
0.248758
0.22034
0.218375
0.213922
0.197821
0.23111
0.193873
0.245762
0.260883
0.244274
0.206365
0.225767
0.229101
0.235884
0.23731
0.207571
0.226258
0.217443
0.231253
0.219204
0.223158
0.196378
0.204122
0.211633
0.181788
0.230979
0.228999
0.206258
0.240994
0.231885
0.213632
0.214516
0.21992
0.183985
0.197096
0.239377
0.214989
0.234854
0.268719
0.211682
0.233923
0.223592
0.219998
0.21262
0.249499
0.227571
0.252014
0.221864
0.231007
0.185449
0.20496
0.210201
0.179154
0.230967
0.226911
0.221111
0.228833
0.282001
0.213986
0.191311
0.195114
0.225491
0.207265
0.2141
0.226854
0.232231
0.209526
0.22307
0.256364
0.215972
0.223263
0.184731
0.210574
0.239962
0.203555
0.197539
0.188338
0.209216
0.220022
0.186348
0.227215
0.21098
0.212237
0.206277
0.283291
0.199906
0.239896
0.248895
0.202059
0.22019
0.257585
0.220709
0.217596
0.188099
0.23394
0.217046
0.198809
0.204662
0.201713
0.2352
0.221865
0.21838
0.21124
0.232779
0.203751
0.201849
0.234924
0.21684
0.217784
0.193149
0.239791
0.215891
0.197179
0.214889
0.242064
0.218848
0.246949
0.20361
0.226537
0.20962
0.234763
0.223651
0.228368
0.243409
0.222328
0.213081
0.219941
0.23691
0.235084
0.203348
0.237667
0.221409
0.207781
0.200842
0.197057
0.205028
0.212335
0.195363
0.211912
0.206039
0.200482
0.213897
0.20244
0.189101
0.212283
0.231785
0.193739
0.190074
0.219761
0.208823
0.194372
0.215402
0.208738
0.213856
0.212965
0.205638
0.20539
0.212185
0.265589
0.20537
0.215122
0.211305
0.199123
0.277814
0.217805
0.237944
0.186294
0.273207
0.232482
0.211458
0.213099
0.20757
0.222503
0.219137
0.202835
0.203599
0.199691
0.223959
0.23351
0.212662
0.208416
0.209657
0.258532
0.205996
0.246225
0.207787
0.246195
0.193218
0.236119
0.208548
0.207013
0.205974
0.220933
0.192534
0.196638
0.204746
0.208581
0.211566
0.199994
0.198068
0.211628
0.209774
0.186245
0.206531
0.206083
0.208656
0.210707
0.213402
0.205511
0.185817
0.178133
0.231865
0.242783
0.217329
0.193636
0.191245
0.223944
0.189492
0.198848
0.230427
0.275057
0.201754
0.205687
0.204837
0.184923
0.199143
0.190519
0.199945
0.200311
0.215061
0.207427
0.211356
0.217299
0.225791
0.212902
0.234748
0.211422
0.212764
0.198541
0.177267
0.191854
0.202776
0.212175
0.203074
0.20353
0.201593
0.223146
0.199137
0.198305
0.214612
0.19295
0.236155
0.193895
0.247284
0.206954
0.219317
0.194172
0.204714
0.20918
0.208197
0.256513
0.211942
0.212423
0.194959
0.207138
0.199803
0.193655
0.194115
0.241214
0.18128
0.214392
0.208043
0.241614
0.191214
0.201587
0.2156
0.185466
0.214933
0.227403
0.218235
0.201294
0.215183
0.211706
0.192701
0.209843
0.192561
0.205158
0.215129
0.210037
0.204318
0.179173
0.24621
0.203885
0.228475
0.226173
0.193025
0.227837
0.224336
0.191994
0.218841
0.185757
0.235384
0.205906
0.179701
0.21235
0.216168
0.20282
0.242092
0.198878
0.301674
0.237119
0.208309
0.179576
0.24912
0.221934
0.197756
0.186295
0.215066
0.176948
0.180669
0.206959
0.191351
0.20713
0.192739
0.190473
0.222319
0.203813
0.179435
0.190419
0.189621
0.227118
0.211079
0.186377
0.223412
0.162413
0.197279
0.185188
0.172354
0.21533
0.173938
0.217993
0.226696
0.204679
0.17728
0.209865
0.26117
0.236594
0.238606
0.231781
0.209825
0.197432
0.18253
0.189334
0.230914
0.21736
0.193356
0.191616
0.195675
0.207664
0.193505
0.211468
0.211896
0.198518
0.189768
0.189593
0.192015
0.196232
0.19174
0.189125
0.187643
0.191286
0.212718
0.194681
0.19853
0.196147
0.203692
0.22448
0.220185
0.18166
0.252807
0.196188
0.196555
0.216658
0.206951
0.182072
0.179692
0.210244
0.195004
0.18966
0.175358
0.203337
0.23835
0.188917
0.218372
0.227506
0.208329
0.181016
0.265801
0.197322
0.23929
0.185265
0.200547
0.203266
0.192528
0.214248
0.195826
0.212383
0.185436
0.22566
0.217067
0.177099
0.198547
0.239331
0.203467
0.273618
0.175808
0.180242
0.208686
0.227041
0.200506
0.215496
0.193551
0.194673
0.248329
0.224223
0.206636
0.187461
0.19861
0.207798
0.196271
0.176411
0.198587
0.230286
0.206023
0.189829
0.206754
0.194845
0.195621
0.195816
0.164553
0.206125
0.171506
0.205105
0.206807
0.228036
0.244855
0.200102
0.203943
0.187446
0.206517
0.204296
0.177779
0.181262
0.192503
0.175495
0.19338
0.187066
0.228203
0.199418
0.199488
0.177502
0.23395
0.185861
0.230776
0.194195
0.206051
0.200636
0.236893
0.194522
0.238668
0.203323
0.198789
0.213411
0.198169
0.182607
0.194857
0.199127
0.21336
0.217738
0.207881
0.234011
0.200824
0.190158
0.212705
0.202498
0.162838
0.215091
0.181363
0.193112
0.188221
0.178717
0.187005
0.182181
0.234238
0.178086
0.184291
0.177018
0.166635
0.178794
0.177701
0.209109
0.17728
0.183215
0.189104
0.172192
0.197894
0.180126
0.173963
0.196454
0.183318
0.187518
0.173559
0.177764
0.157369
0.173807
0.193646
0.200054
0.187769
0.180602
0.158815
0.192338
0.19012
0.19189
0.199849
0.20318
0.229419
0.227217
0.205108
0.191552
0.228105
0.20228
0.197576
0.197745
0.177608
0.189247
0.186479
0.182333
0.225434
0.208733
0.226812
0.176912
0.188156
0.196743
0.194197
0.202686
0.175309
0.198429
0.223163
0.191319
0.201605
0.184522
0.189748
0.175383
0.180008
0.17751
0.176806
0.198446
0.160789
0.19611
0.200145
0.20501
0.197465
0.224973
0.182421
0.187663
0.200494
0.179421
0.181882
0.184374
0.183741
0.20533
0.169634
0.192958
0.201683
0.199136
0.183629
0.183888
0.160656
0.204206
0.186854
0.185732
0.178649
0.191074
0.21564
0.182069
0.19414
0.183567
0.184167
0.173657
0.201322
0.204491
0.216919
0.205261
0.193501
0.192864
0.183329
0.173432
0.191969
0.181309
0.18262
0.159453
0.181206
0.16913
0.170426
0.187637
0.18982
0.192587
0.222117
0.191991
0.229624
0.195796
0.197199
0.190111
0.158731
0.188518
0.17069
0.187158
0.222126
0.190531
0.161758
0.193553
0.215079
0.184394
0.196362
0.181966
0.17897
0.174989
0.201999
0.160732
0.175591
0.192952
0.176323
0.17559
0.167006
0.1891
0.189294
0.164671
0.183704
0.182282
0.173124
0.21363
0.192551
0.178321
0.191905
0.169585
0.154023
0.211179
0.182828
0.19492
0.164138
0.192996
0.180907
0.170768
0.206723
0.195852
0.163876
0.195569
0.181423
0.189403
0.167811
0.19404
0.203853
0.193613
0.183989
0.18998
0.157826
0.176756
0.187187
0.176615
0.189266
0.179971
0.202469
0.200959
0.17368
0.190028
0.185326
0.172157
0.217922
0.210605
0.196644
0.182986
0.177862
0.190973
0.16099
0.177971
0.18364
0.157549
0.18942
0.187056
0.190579
0.159243
0.201997
0.17226
0.167894
0.162714
0.169579
0.175256
0.180809
0.189656
0.17995
0.19564
0.217031
0.172519
0.183961
0.190042
0.179004
0.179723
0.18244
0.169696
0.16647
0.152546
0.178041
0.16586
0.176136
0.206066
0.15725
0.205782
0.196951
0.173633
0.181703
0.172591
0.150404
0.217741
0.17401
0.25413
0.181657
0.168486
0.212297
0.183326
0.163127
0.182569
0.178972
0.180009
0.173636
0.20973
0.198963
0.175351
0.202252
0.202901
0.180669
0.201431
0.178385
0.200577
0.194694
0.195335
0.18631
0.192424
0.22045
0.191721
0.207142
0.186192
0.173141
0.171361
0.210516
0.180204
0.166176
0.171537
0.180531
0.174491
0.169457
0.172684
0.172038
0.17744
0.184634
0.171765
0.175091
0.187135
0.201174
0.174062
0.351835
0.184389
0.190968
0.20997
0.162935
0.194861
0.176074
0.184143
0.171291
0.193922
0.174234
0.197078
0.20212
0.170229
0.196284
0.191368
0.159456
0.157786
0.193874
0.206914
0.19773
0.159882
0.190591
0.168593
0.160346
0.1886
0.181706
0.170949
0.181288
0.16371
0.183393
0.186434
0.184937
0.185945
0.165539
0.188773
0.206499
0.173285
0.179555
0.158567
0.189809
0.190457
0.203246
0.174284
0.18639
0.176947
0.210223
0.235776
0.16642
0.190964
0.2139
0.191566
0.164178
0.168605
0.172137
0.175506
0.176567
0.177231
0.204735
0.197377
0.152596
0.153829
0.182225
0.207898
0.162795
0.215788
0.199064
0.169643
0.185935
0.185683
0.185327
0.187393
0.17477
0.181533
0.1731
0.156946
0.213336
0.18523
0.184046
0.185555
0.182649
0.194738
0.171791
0.162241
0.194539
0.181549
0.166722
0.166491
0.180782
0.183404
0.178985
0.196917
0.164728
0.18826
0.188214
0.187985
0.17142
0.192529
0.198949
0.167652
0.201277
0.159097
0.185389
0.184314
0.165528
0.180928
0.186368
0.178159
0.164612
0.204172
0.198621
0.163249
0.17827
0.198661
0.178993
0.171964
0.194742
0.170139
0.164438
0.183903
0.221297
0.153445
0.176974
0.178761
0.193651
0.166958
0.173154
0.216942
0.175209
0.172363
0.182534
0.180994
0.191488
0.202468
0.183719
0.198649
0.203763
0.179807
0.160343
0.18857
0.204841
0.196044
0.204925
0.180024
0.181984
0.164792
0.161776
0.165228
0.175588
0.161715
0.176887
0.181361
0.166379
0.164818
0.165197
0.176475
0.176725
0.186874
0.152314
0.19438
0.189323
0.164219
0.191056
0.167947
0.183552
0.167044
0.177081
0.183094
0.15513
0.175895
0.179118
0.17763
0.161564
0.177888
0.177779
0.231447
0.185326
0.1549
0.157793
0.16699
0.184147
0.150855
0.177346
0.160151
0.165385
0.187914
0.176644
0.182163
0.174097
0.162086
0.173379
0.171815
0.185069
0.174748
0.16888
0.150217
0.213817
0.146635
0.162456
0.155889
0.185758
0.163977
0.179197
0.191339
0.150241
0.16267
0.171692
0.182887
0.185081
0.195957
0.166761
0.176818
0.162134
0.183402
0.193398
0.181644
0.170605
0.171301
0.169224
0.164587
0.189762
0.181637
0.176011
0.182078
0.161376
0.178995
0.185315
0.172602
0.171799
0.172968
0.151761
0.166246
0.158434
0.171486
0.17059
0.179795
0.176651
0.182843
0.194075
0.163212
0.174658
0.159662
0.169576
0.186603
0.173636
0.170032
0.183691
0.170447
0.181443
0.161882
0.134664
0.165135
0.156395
0.182642
0.164882
0.175653
0.21663
0.164952
0.157261
0.165201
0.186405
0.167242
0.171071
0.198251
0.201556
0.197101
0.18854
0.173515
0.152681
0.164417
0.161463
0.16208
0.181533
0.174571
0.19218
0.182877
0.172957
0.188469
0.190093
0.151648
0.188202
0.1615
0.151995
0.176554
0.168682
0.152702
0.182619
0.161945
0.150059
0.17649
0.166266
0.160431
0.165835
0.15332
0.195899
0.157696
0.185568
0.182978
0.184786
0.158366
0.179097
0.165002
0.168101
0.16593
0.196648
0.182807
0.176502
0.161425
0.173919
0.158544
0.197702
0.147156
0.158713
0.174362
0.179384
0.151353
0.168362
0.189717
0.163641
0.142128
0.169748
0.174787
0.159724
0.170107
0.169328
0.194587
0.177046
0.170188
0.152248
0.180821
0.165561
0.162934
0.187589
0.185181
0.167139
0.158557
0.172245
0.173363
0.179537
0.177755
0.166028
0.181465
0.178529
0.152759
0.167131
0.161074
0.176538
0.162728
0.165575
0.184109
0.153159
0.17022
0.161044
0.197524
0.159722
0.176648
0.163033
0.19094
0.16893
0.185008
0.179993
0.170444
0.145133
0.162074
0.206399
0.17582
0.157976
0.183526
0.167678
0.19898
0.161475
0.166069
0.176712
0.174066
0.158972
0.171407
0.169867
0.175647
0.171943
0.160248
0.184978
0.182655
0.181322
0.165085
0.161528
0.148867
0.188679
0.162478
0.16155
0.186664
0.175047
0.15868
0.176871
0.159715
0.198562
0.16989
0.182771
0.173525
0.18413
0.191447
0.165812
0.169282
0.168858
0.15568
0.184461
0.151784
0.166947
0.158766
0.177306
0.14479
0.177202
0.168178
0.176432
0.190275
0.147653
0.160086
0.159463
0.182518
0.17247
0.176165
0.164006
0.158771
0.14325
0.180509
0.190218
0.149868
0.179511
0.158328
0.15555
0.16607
0.168653
0.16175
0.187989
0.155406
0.158357
0.167744
0.170511
0.158273
0.16513
0.195196
0.144164
0.178261
0.16233
0.182687
0.163838
0.161795
0.199185
0.156814
0.170983
0.156463
0.181
0.156062
0.160287
0.17213
0.15389
0.189228
0.161372
0.171118
0.150567
0.178045
0.156423
0.164194
0.158554
0.150459
0.16372
0.155894
0.147979
0.162325
0.161604
0.185965
0.184335
0.147482
0.173968
0.170121
0.182877
0.157383
0.166568
0.143162
0.16525
0.165216
0.154205
0.162951
0.157908
0.152793
0.151215
0.172978
0.172241
0.146673
0.189877
0.159242
0.1731
0.169848
0.166694
0.122055
0.170402
0.162465
0.166669
0.172035
0.159678
0.172306
0.160438
0.163417
0.143847
0.16776
0.188884
0.170349
0.160709
0.166836
0.165519
0.187851
0.173822
0.173228
0.150662
0.147551
0.160038
0.165921
0.137699
0.163382
0.147796
0.201043
0.148736
0.157054
0.150072
0.163452
0.154166
0.158801
0.15695
0.187984
0.176747
0.152607
0.173814
0.169785
0.161811
0.163937
0.148673
0.173463
0.170447
0.162072
0.181483
0.15542
0.147352
0.156489
0.157064
0.165223
0.159076
0.143916
0.13796
0.15315
0.151141
0.153292
0.149485
0.184502
0.184581
0.161059
0.155675
0.172558
0.166583
0.141573
0.195215
0.177242
0.176727
0.152913
0.149169
0.149467
0.157159
0.168543
0.148405
0.190323
0.150581
0.175335
0.190659
0.152228
0.156593
0.154897
0.159267
0.156995
0.150527
0.17525
0.164487
0.150845
0.171552
0.167236
0.164344
0.165907
0.154599
0.17604
0.162974
0.169426
0.188093
0.174253
0.178977
0.16637
0.167418
0.154534
0.17785
0.177683
0.146329
0.166425
0.15413
0.141647
0.162241
0.182978
0.169666
0.165298
0.152207
0.172787
0.150271
0.180138
0.164128
0.183166
0.150457
0.171036
0.166068
0.15711
0.151256
0.171596
0.156544
0.166968
0.152715
0.182198
0.164703
0.165558
0.159614
0.149296
0.172204
0.181642
0.169569
0.16568
0.149728
0.159698
0.170015
0.164408
0.154533
0.167771
0.175595
0.181761
0.139303
0.169784
0.151732
0.146116
0.182298
0.174338
0.159731
0.144499
0.156799
0.151108
0.157441
0.155767
0.148999
0.150458
0.152095
0.174012
0.146503
0.168249
0.163938
0.163507
0.152868
0.161095
0.153682
0.181567
0.154066
0.158445
0.179844
0.143255
0.158341
0.158394
0.138004
0.146548
0.159806
0.173412
0.1656
0.175179
0.188453
0.147227
0.173535
0.161416
0.16862
0.161038
0.151167
0.1577
0.139932
0.14889
0.15783
0.144804
0.152076
0.145903
0.149062
0.148035
0.188327
0.143865
0.139553
0.144504
0.183032
0.172232
0.164226
0.158324
0.170964
0.165054
0.168991
0.162699
0.171987
0.15767
0.167767
0.163734
0.169484
0.154518
0.156177
0.158039
0.183456
0.15068
0.17284
0.172675
0.156549
0.172989
0.183315
0.158408
0.152457
0.141681
0.147772
0.17632
0.149329
0.149217
0.172005
0.149098
0.179699
0.151963
0.158112
0.154114
0.184079
0.152421
0.171145
0.165529
0.14847
0.149534
0.147627
0.139935
0.141133
0.157602
0.150348
0.147675
0.159517
0.14021
0.213481
0.163263
0.144119
0.160904
0.17351
0.157791
0.148641
0.155536
0.171893
0.153802
0.136885
0.148588
0.184929
0.163256
0.163149
0.160383
0.176848
0.139641
0.148842
0.147018
0.151368
0.166524
0.16748
0.159804
0.158549
0.172747
0.174254
0.171322
0.155915
0.163332
0.166531
0.142105
0.14825
0.153431
0.141588
0.152658
0.156158
0.155164
0.158782
0.162897
0.143363
0.164983
0.176545
0.152588
0.160539
0.146319
0.158257
0.149101
0.14774
0.142287
0.143284
0.149968
0.169896
0.15783
0.157165
0.161351
0.138591
0.160625
0.188732
0.143653
0.169889
0.160518
0.149626
0.149477
0.203103
0.171738
0.167918
0.170612
0.153705
0.150073
0.146971
0.155792
0.149948
0.158395
0.153491
0.134948
0.151705
0.160382
0.164929
0.167998
0.141268
0.178886
0.171291
0.150069
0.15911
0.144432
0.163566
0.149967
0.18026
0.172984
0.151947
0.158522
0.156799
0.140823
0.161837
0.163574
0.173522
0.169754
0.155312
0.16796
0.143426
0.162317
0.17201
0.136714
0.167009
0.159641
0.161604
0.177691
0.160302
0.159209
0.17298
0.144346
0.161697
0.158798
0.158857
0.158672
0.153347
0.140569
0.132651
0.153889
0.139774
0.165452
0.153793
0.167692
0.161488
0.138183
0.160612
0.163605
0.158933
0.152809
0.163867
0.141596
0.163043
0.155168
0.153673
0.141463
0.161635
0.144912
0.168325
0.150333
0.160017
0.147055
0.160785
0.14871
0.170204
0.177818
0.148696
0.186066
0.147118
0.144281
0.132537
0.148568
0.14918
0.159101
0.159138
0.165538
0.176789
0.157989
0.15844
0.14933
0.15385
0.175148
0.146987
0.1353
0.163811
0.153185
0.139639
0.143593
0.174933
0.149894
0.178884
0.145634
0.155268
0.181504
0.146842
0.166937
0.156627
0.145732
0.153851
0.142123
0.168593
0.17068
0.14386
0.135285
0.135191
0.15072
0.14345
0.148362
0.162665
0.179413
0.132975
0.188294
0.143373
0.139178
0.141627
0.168387
0.156368
0.161384
0.155449
0.14411
0.147297
0.156835
0.157541
0.16112
0.140312
0.162685
0.151589
0.181626
0.146375
0.149121
0.170663
0.166102
0.125269
0.155578
0.151963
0.129255
0.157956
0.140949
0.15972
0.149952
0.146578
0.155379
0.163949
0.145823
0.148991
0.1522
0.1357
0.155208
0.148171
0.154963
0.135675
0.163404
0.13968
0.151851
0.135509
0.142877
0.179358
0.150508
0.166138
0.135481
0.158288
0.171416
0.151905
0.162224
0.14981
0.147752
0.14616
0.148898
0.154061
0.173465
0.135876
0.136058
0.158362
0.161067
0.130613
0.148651
0.160056
0.161324
0.139619
0.155321
0.150115
0.166223
0.141946
0.146264
0.145109
0.160316
0.139676
0.154757
0.142322
0.148055
0.137314
0.133154
0.147412
0.15342
0.13771
0.149067
0.166071
0.142678
0.152239
0.15774
0.144015
0.140749
0.167952
0.150773
0.151175
0.151467
0.129388
0.15197
0.152598
0.160257
0.150047
0.152997
0.155508
0.144159
0.16068
0.141546
0.161938
0.170791
0.151715
0.16614
0.143463
0.144286
0.120246
0.186549
0.161518
0.16535
0.147583
0.161605
0.151118
0.157986
0.14941
0.148664
0.155597
0.148454
0.13316
0.158924
0.136305
0.153398
0.140751
0.14245
0.174075
0.147095
0.162241
0.142682
0.131653
0.153309
0.193505
0.164718
0.143984
0.145709
0.151413
0.175178
0.176423
0.149443
0.15018
0.141076
0.152572
0.169513
0.143632
0.159446
0.134863
0.158584
0.154575
0.147824
0.141348
0.142465
0.134057
0.155926
0.121694
0.146006
0.135544
0.137311
0.143063
0.151138
0.149937
0.145075
0.140728
0.142413
0.149622
0.142783
0.128004
0.150197
0.152062
0.152347
0.150075
0.153208
0.140364
0.154909
0.166308
0.155299
0.162287
0.171188
0.144693
0.131545
0.132403
0.149764
0.145614
0.140521
0.148469
0.127674
0.136854
0.155304
0.146964
0.150974
0.156145
0.155159
0.142396
0.144956
0.137293
0.163472
0.135271
0.133774
0.136733
0.14677
0.172124
0.15454
0.130628
0.139326
0.155152
0.137291
0.151854
0.145775
0.138957
0.157021
0.135694
0.150435
0.160206
0.14533
0.148272
0.122103
0.156203
0.133806
0.153802
0.138063
0.133799
0.138116
0.139425
0.150275
0.137761
0.152218
0.147516
0.166641
0.149604
0.158389
0.160094
0.136578
0.156731
0.15109
0.162845
0.155653
0.149067
0.133317
0.139296
0.173073
0.149304
0.146664
0.153978
0.168928
0.175326
0.15069
0.1555
0.158465
0.157236
0.158767
0.151491
0.136724
0.134178
0.145846
0.159333
0.150864
0.160016
0.139398
0.142606
0.127345
0.136512
0.13786
0.139229
0.131745
0.147225
0.158748
0.15595
0.161675
0.155347
0.133286
0.142788
0.151547
0.176251
0.159856
0.141228
0.161463
0.154707
0.160333
0.159985
0.136461
0.155537
0.149901
0.156732
0.140548
0.144029
0.129848
0.155964
0.13582
0.145708
0.149773
0.145924
0.143238
0.153321
0.151439
0.156552
0.168387
0.142719
0.1357
0.147753
0.139352
0.152151
0.143074
0.149573
0.121421
0.13241
0.160193
0.146912
0.159866
0.153231
0.153872
0.138003
0.142022
0.154998
0.148499
0.144673
0.143699
0.151322
0.149626
0.154967
0.146429
0.140586
0.140414
0.135855
0.12813
0.13038
0.143558
0.137519
0.149743
0.138162
0.128064
0.142761
0.141116
0.159404
0.148649
0.139379
0.147891
0.142439
0.158545
0.139601
0.133496
0.133035
0.143267
0.145368
0.138166
0.152987
0.151531
0.13281
0.132646
0.143272
0.13461
0.147917
0.165764
0.153967
0.143887
0.132248
0.137214
0.139534
0.150609
0.137149
0.142032
0.153424
0.166461
0.137273
0.155215
0.138857
0.157853
0.137236
0.153965
0.141813
0.136042
0.162545
0.133776
0.150681
0.147678
0.150612
0.144727
0.14864
0.125067
0.156391
0.146119
0.134972
0.132986
0.150029
0.15814
0.142682
0.15939
0.132212
0.134626
0.158104
0.151653
0.158843
0.158058
0.145894
0.165495
0.180165
0.126201
0.158842
0.137198
0.136146
0.145346
0.140146
0.164288
0.131007
0.140901
0.145123
0.145161
0.140541
0.137733
0.148119
0.139761
0.144076
0.152836
0.134938
0.157604
0.146156
0.147938
0.121025
0.15486
0.126703
0.137618
0.136951
0.131146
0.140955
0.142611
0.158708
0.138549
0.152355
0.159337
0.150714
0.137969
0.131204
0.149745
0.135664
0.135076
0.149755
0.141115
0.15105
0.149327
0.130736
0.15246
0.138801
0.148997
0.137824
0.132439
0.140768
0.149585
0.152792
0.138583
0.143807
0.151128
0.12587
0.118833
0.155326
0.157914
0.135967
0.156856
0.144336
0.140047
0.143439
0.154456
0.167149
0.157435
0.149738
0.133422
0.140366
0.147991
0.150715
0.138189
0.138396
0.166076
0.144867
0.142259
0.140502
0.165161
0.130838
0.159642
0.144217
0.135586
0.135138
0.138941
0.143754
0.153135
0.131741
0.136693
0.159641
0.153229
0.13322
0.156996
0.126374
0.141763
0.148231
0.151187
0.139512
0.1495
0.145787
0.159912
0.161331
0.144533
0.146325
0.139057
0.156553
0.135537
0.141616
0.136252
0.147375
0.147599
0.135296
0.130737
0.140511
0.128407
0.153609
0.138309
0.147206
0.125735
0.144936
0.156958
0.143275
0.126549
0.144267
0.159202
0.135334
0.134712
0.129617
0.152954
0.1664
0.142536
0.144007
0.134049
0.152195
0.148771
0.153809
0.125112
0.141538
0.149235
0.140539
0.133799
0.139233
0.150124
0.149636
0.138663
0.140352
0.148852
0.155391
0.162509
0.125226
0.132715
0.127882
0.144337
0.131381
0.1416
0.128307
0.135868
0.132867
0.116253
0.121446
0.12645
0.148489
0.159404
0.153188
0.142005
0.168825
0.133186
0.142614
0.14828
0.14938
0.148716
0.166135
0.163086
0.140942
0.169915
0.140306
0.132145
0.139916
0.117502
0.140215
0.150551
0.125832
0.135816
0.144575
0.155003
0.138755
0.14534
0.131706
0.161739
0.133406
0.143995
0.137888
0.119043
0.135296
0.157402
0.142901
0.138536
0.157442
0.146668
0.144457
0.131086
0.129875
0.147857
0.112911
0.142747
0.159128
0.145403
0.157325
0.129172
0.144366
0.159713
0.127038
0.138872
0.133547
0.12165
0.140926
0.131133
0.130391
0.142105
0.135218
0.148912
0.139627
0.141587
0.136193
0.138947
0.137843
0.131553
0.14648
0.150128
0.17379
0.138027
0.143706
0.153899
0.147482
0.134165
0.148196
0.129119
0.132492
0.131181
0.122114
0.138773
0.149387
0.147586
0.175732
0.145544
0.149022
0.140027
0.140939
0.143158
0.131517
0.146534
0.13611
0.149388
0.128144
0.149617
0.134702
0.142015
0.13304
0.151853
0.128678
0.148354
0.141618
0.130262
0.14829
0.139274
0.148138
0.153945
0.147282
0.132344
0.115602
0.132777
0.137222
0.141455
0.136595
0.12756
0.154813
0.123432
0.152771
0.132992
0.135229
0.14724
0.149483
0.146083
0.138746
0.142388
0.143826
0.148148
0.128097
0.129759
0.134956
0.132785
0.139669
0.133928
0.124126
0.130614
0.154798
0.129928
0.133273
0.127556
0.140753
0.131189
0.137351
0.146594
0.13768
0.131033
0.147037
0.130731
0.165704
0.1163
0.123752
0.141121
0.13812
0.12749
0.142651
0.138303
0.147515
0.138766
0.140346
0.12439
0.125591
0.12628
0.135665
0.140649
0.139112
0.137628
0.147814
0.152502
0.160472
0.155356
0.135761
0.157671
0.141396
0.131889
0.119415
0.142856
0.151333
0.135111
0.136274
0.138296
0.133873
0.124378
0.131494
0.141869
0.148632
0.155691
0.141644
0.120164
0.130572
0.140745
0.141509
0.144794
0.139544
0.146592
0.148281
0.132902
0.133098
0.13165
0.150544
0.133705
0.128199
0.143889
0.141153
0.155489
0.132711
0.146285
0.146488
0.158294
0.124675
0.134041
0.124383
0.12758
0.141639
0.126031
0.134872
0.142547
0.157222
0.124227
0.130556
0.13896
0.121803
0.137331
0.147232
0.146593
0.144547
0.160923
0.124745
0.166397
0.129639
0.14058
0.127384
0.130391
0.146347
0.149151
0.133944
0.129085
0.138735
0.149004
0.148722
0.129159
0.13967
0.126456
0.146739
0.131394
0.139093
0.144509
0.13873
0.128307
0.15315
0.148037
0.125156
0.130599
0.12612
0.156251
0.139011
0.140493
0.136995
0.154289
0.148227
0.121209
0.140532
0.139058
0.128827
0.145707
0.140904
0.138321
0.132622
0.143634
0.137666
0.142663
0.133126
0.134411
0.14576
0.136898
0.150732
0.147935
0.133283
0.145794
0.13697
0.13814
0.138734
0.131864
0.128273
0.133962
0.154081
0.131234
0.144068
0.144595
0.121994
0.132752
0.141674
0.124645
0.140626
0.134088
0.130982
0.135849
0.137524
0.155852
0.137067
0.134601
0.129834
0.14211
0.133688
0.155496
0.136839
0.131984
0.145032
0.162436
0.147026
0.130508
0.124589
0.156538
0.146855
0.145193
0.131059
0.164827
0.132943
0.138682
0.130154
0.127022
0.133712
0.137177
0.155523
0.136129
0.12813
0.14256
0.159664
0.129414
0.125931
0.155632
0.118185
0.128066
0.128609
0.141353
0.135813
0.130587
0.147832
0.131183
0.124656
0.156291
0.12362
0.147105
0.149777
0.152603
0.141242
0.130771
0.137598
0.130844
0.145711
0.149065
0.128848
0.135547
0.131937
0.12251
0.147234
0.128617
0.119967
0.139874
0.129351
0.133249
0.140399
0.148085
0.144177
0.143459
0.149091
0.128269
0.130236
0.148804
0.140318
0.124262
0.147042
0.142886
0.15276
0.147933
0.129774
0.124776
0.133153
0.136734
0.130816
0.127195
0.162456
0.127049
0.151664
0.130054
0.120065
0.131509
0.139399
0.14081
0.147247
0.142854
0.130646
0.141419
0.133389
0.136496
0.131684
0.127226
0.141338
0.15185
0.1421
0.135288
0.149279
0.118888
0.13368
0.126465
0.139113
0.137596
0.125059
0.125223
0.134975
0.12437
0.134203
0.134174
0.131479
0.133821
0.146968
0.124401
0.125649
0.125575
0.134003
0.139955
0.133856
0.128965
0.125927
0.127622
0.143808
0.134874
0.134881
0.130966
0.145111
0.145503
0.139113
0.123152
0.138945
0.149792
0.132949
0.123731
0.135957
0.13292
0.154165
0.117652
0.138614
0.130455
0.119753
0.130927
0.120876
0.124902
0.130441
0.131393
0.14383
0.131186
0.132308
0.157011
0.190513
0.13682
0.139801
0.1359
0.120766
0.138451
0.140185
0.124489
0.14318
0.124345
0.131896
0.124804
0.123133
0.136524
0.128105
0.149892
0.124118
0.131151
0.133256
0.13262
0.123954
0.151565
0.14594
0.159354
0.124969
0.134731
0.125187
0.169034
0.117569
0.125869
0.12073
0.125565
0.125774
0.129391
0.112347
0.124161
0.134436
0.123391
0.121821
0.130082
0.120144
0.132108
0.115461
0.122236
0.123251
0.125442
0.135376
0.148878
0.123986
0.146342
0.136446
0.121786
0.131243
0.141069
0.128856
0.133882
0.139238
0.126602
0.119188
0.127836
0.130033
0.13649
0.141898
0.156999
0.130791
0.147377
0.128858
0.130393
0.130175
0.126182
0.127984
0.116772
0.145059
0.13616
0.134102
0.152232
0.136345
0.131319
0.127535
0.152958
0.12428
0.135
0.145657
0.129328
0.138807
0.140636
0.134223
0.134729
0.132222
0.135113
0.155291
0.123364
0.12532
0.122369
0.153489
0.13138
0.124515
0.152357
0.121891
0.124688
0.1264
0.128073
0.140348
0.152079
0.132899
0.144544
0.120113
0.132611
0.130177
0.135721
0.151415
0.123893
0.126188
0.137909
0.147149
0.129384
0.136007
0.130926
0.130226
0.127118
0.134652
0.135348
0.125658
0.127824
0.11144
0.127181
0.124512
0.130492
0.14776
0.146576
0.133393
0.133789
0.152882
0.142407
0.12009
0.134814
0.11549
0.136371
0.125057
0.136899
0.145418
0.12904
0.126656
0.166306
0.124755
0.128518
0.144079
0.122269
0.135726
0.117644
0.137357
0.136046
0.129292
0.132292
0.127449
0.166565
0.128467
0.144652
0.147071
0.138609
0.120052
0.120858
0.127847
0.123461
0.125603
0.122747
0.148316
0.111017
0.132752
0.104851
0.119199
0.121674
0.171524
0.12929
0.112238
0.12047
0.144415
0.123305
0.128141
0.124589
0.125133
0.1287
0.114408
0.118145
0.127556
0.121651
0.122892
0.137138
0.139291
0.124134
0.131122
0.120082
0.138825
0.129867
0.123476
0.134666
0.131468
0.125489
0.147605
0.125587
0.132145
0.140899
0.120534
0.12779
0.136616
0.135565
0.134816
0.139531
0.115647
0.150763
0.125788
0.123798
0.134539
0.138269
0.127335
0.127995
0.130255
0.126402
0.114628
0.13667
0.137361
0.119453
0.118551
0.140114
0.124726
0.135592
0.125054
0.128265
0.148068
0.153469
0.135721
0.119525
0.129671
0.131729
0.126682
0.134306
0.130949
0.132544
0.128961
0.145043
0.131727
0.143027
0.119385
0.11833
0.132817
0.121403
0.140006
0.135527
0.13028
0.110118
0.131305
0.114871
0.124366
0.133024
0.120592
0.131411
0.135736
0.115721
0.14482
0.126539
0.134286
0.132151
0.141001
0.132532
0.134289
0.13971
0.132565
0.126057
0.134543
0.131386
0.132371
0.125574
0.1237
0.124724
0.142389
0.132456
0.12595
0.141257
0.152217
0.129037
0.13584
0.136614
0.139074
0.119944
0.111774
0.136385
0.131791
0.113506
0.135254
0.12628
0.120196
0.134838
0.118601
0.139049
0.124741
0.154168
0.132274
0.142642
0.112332
0.139556
0.137077
0.118308
0.129209
0.132501
0.140495
0.129597
0.118066
0.129751
0.117982
0.124251
0.121643
0.136912
0.129324
0.129567
0.128107
0.134082
0.145326
0.134634
0.126914
0.121864
0.120073
0.13814
0.124595
0.123366
0.126362
0.120731
0.123165
0.144516
0.115529
0.139861
0.127706
0.142626
0.141999
0.138963
0.133743
0.126706
0.136941
0.129887
0.126972
0.126365
0.12918
0.136184
0.137316
0.121164
0.131885
0.122831
0.137399
0.131436
0.130554
0.146221
0.133535
0.123967
0.123425
0.136486
0.13056
0.133588
0.166761
0.122901
0.127981
0.135939
0.119647
0.118168
0.122765
0.144249
0.118425
0.122331
0.119896
0.136954
0.128353
0.118195
0.142061
0.132458
0.129048
0.138873
0.146748
0.12161
0.145609
0.144461
0.124735
0.122716
0.133768
0.132977
0.115495
0.138773
0.128918
0.11605
0.142568
0.130594
0.132105
0.135788
0.127841
0.141597
0.133305
0.124444
0.119586
0.141336
0.126524
0.119367
0.165518
0.129498
0.136095
0.119017
0.126532
0.133949
0.133099
0.12468
0.138053
0.119945
0.125828
0.144036
0.146849
0.127086
0.147539
0.129585
0.124399
0.138214
0.129478
0.125757
0.121686
0.144391
0.127914
0.130043
0.131413
0.133635
0.133577
0.144126
0.123233
0.129245
0.131137
0.124977
0.120087
0.124049
0.11568
0.124099
0.152829
0.133908
0.122325
0.137415
0.121077
0.122531
0.123961
0.120338
0.123085
0.125676
0.147437
0.120661
0.130612
0.12458
0.124218
0.134041
0.140338
0.124524
0.123243
0.120534
0.121504
0.118789
0.11721
0.13986
0.130713
0.141334
0.117395
0.113776
0.111154
0.120962
0.142541
0.130044
0.132299
0.129821
0.156733
0.124297
0.128627
0.107082
0.1291
0.123379
0.136238
0.124152
0.139502
0.116566
0.135134
0.133613
0.129437
0.121135
0.146412
0.129876
0.132161
0.122099
0.13697
0.120223
0.122308
0.123575
0.106982
0.117495
0.135334
0.116331
0.122013
0.123967
0.127476
0.138877
0.135493
0.132832
0.123515
0.123596
0.12609
0.128028
0.122249
0.135447
0.140851
0.132754
0.135516
0.135846
0.106543
0.107338
0.122522
0.125791
0.115073
0.133863
0.118162
0.126165
0.122587
0.12533
0.138952
0.128083
0.121059
0.128491
0.134
0.12267
0.118041
0.118241
0.126494
0.117032
0.125177
0.129076
0.144384
0.118053
0.126414
0.133727
0.109101
0.146631
0.123904
0.144516
0.12818
0.13285
0.128744
0.109062
0.130231
0.112237
0.127988
0.124438
0.127528
0.12465
0.125247
0.105595
0.122163
0.131322
0.12536
0.113941
0.135698
0.121774
0.129015
0.126238
0.110101
0.122128
0.120937
0.117429
0.124738
0.127206
0.115394
0.127429
0.129883
0.121195
0.124541
0.122111
0.132585
0.116527
0.12623
0.137839
0.125281
0.117599
0.106976
0.112656
0.111558
0.125943
0.124757
0.123388
0.138437
0.117584
0.122024
0.116976
0.129794
0.121503
0.121153
0.122751
0.139613
0.12011
0.119564
0.127092
0.130907
0.116799
0.106698
0.129162
0.142317
0.132051
0.126788
0.122981
0.122374
0.128901
0.133147
0.140438
0.140057
0.127033
0.114717
0.143859
0.123973
0.118507
0.115866
0.141355
0.130311
0.125242
0.138051
0.116001
0.138463
0.112041
0.113749
0.128493
0.114805
0.13098
0.12562
0.125491
0.10231
0.134744
0.127849
0.155578
0.153248
0.141159
0.128545
0.126667
0.150286
0.118343
0.138297
0.144513
0.112957
0.153343
0.146164
0.117533
0.131913
0.11753
0.124291
0.119979
0.120419
0.109072
0.128962
0.128088
0.127089
0.131027
0.126769
0.108266
0.130888
0.115633
0.123233
0.130401
0.136318
0.120468
0.115971
0.12394
0.124117
0.120027
0.119284
0.127129
0.140709
0.121868
0.122497
0.115134
0.122822
0.12857
0.137384
0.112823
0.120466
0.134525
0.117015
0.126831
0.133115
0.123166
0.118078
0.125266
0.116583
0.116805
0.127447
0.119907
0.104503
0.116621
0.132553
0.137853
0.120135
0.115871
0.136526
0.140169
0.121071
0.13487
0.132336
0.118388
0.10422
0.135445
0.135093
0.113292
0.107885
0.124089
0.118212
0.134521
0.122127
0.13271
0.140072
0.113142
0.120858
0.137572
0.108573
0.123365
0.14046
0.133446
0.12673
0.119842
0.137269
0.116304
0.127897
0.118375
0.127317
0.1239
0.125043
0.130718
0.119926
0.143197
0.109024
0.123947
0.154468
0.109361
0.123416
0.114193
0.133267
0.129898
0.122939
0.125555
0.130814
0.10958
0.122734
0.122113
0.157368
0.121357
0.124803
0.143134
0.113327
0.127768
0.127186
0.126219
0.124119
0.112705
0.140162
0.124516
0.126208
0.132766
0.131268
0.138839
0.123688
0.120554
0.142658
0.123422
0.108136
0.122999
0.133533
0.115088
0.117401
0.125707
0.122241
0.111875
0.123396
0.137167
0.11468
0.129906
0.113913
0.123879
0.111039
0.123499
0.113787
0.121914
0.131028
0.127359
0.127945
0.114307
0.126937
0.123126
0.114749
0.119208
0.126976
0.120595
0.13376
0.115872
0.127732
0.118861
0.0999238
0.134423
0.133062
0.115896
0.119791
0.115595
0.127107
0.129789
0.140667
0.125366
0.118384
0.133867
0.122424
0.12419
0.133044
0.120863
0.112223
0.108861
0.112896
0.114747
0.11382
0.1086
0.117985
0.14079
0.100139
0.119321
0.123427
0.131627
0.114359
0.131284
0.123365
0.125601
0.121867
0.117824
0.118633
0.118196
0.114581
0.122001
0.119323
0.123067
0.123463
0.124713
0.12024
0.128945
0.125257
0.126237
0.124058
0.130051
0.131861
0.104484
0.11754
0.120092
0.122775
0.129734
0.130737
0.120964
0.144221
0.136835
0.118928
0.112928
0.114207
0.123484
0.12153
0.135337
0.117968
0.127226
0.121861
0.141001
0.125245
0.129522
0.123582
0.120196
0.121496
0.124743
0.118131
0.117845
0.107156
0.123528
0.119901
0.130492
0.151294
0.120411
0.103253
0.148541
0.117777
0.120237
0.131639
0.106473
0.110037
0.124764
0.138012
0.127586
0.118283
0.139468
0.115799
0.100733
0.129635
0.132945
0.109412
0.126401
0.13838
0.127567
0.120808
0.11334
0.129895
0.114452
0.117179
0.117606
0.13257
0.114105
0.123069
0.132517
0.128131
0.109705
0.111341
0.121716
0.113325
0.111446
0.119277
0.12333
0.12235
0.127485
0.128171
0.112773
0.120895
0.11328
0.12773
0.124532
0.127666
0.116144
0.132001
0.133241
0.130527
0.124358
0.115416
0.114545
0.122779
0.119291
0.152046
0.134139
0.117998
0.120466
0.106011
0.122765
0.11944
0.126531
0.119168
0.115882
0.122944
0.130069
0.127161
0.108556
0.121649
0.110765
0.109353
0.131305
0.120949
0.136781
0.10903
0.120384
0.10305
0.10901
0.121647
0.120522
0.105803
0.123004
0.110713
0.125083
0.113721
0.11578
0.139393
0.116741
0.114772
0.125344
0.113716
0.121976
0.130342
0.133612
0.124792
0.124506
0.122849
0.135739
0.106475
0.122798
0.117515
0.116982
0.135577
0.121759
0.141468
0.110758
0.109037
0.122803
0.12363
0.120968
0.126421
0.1175
0.116677
0.134708
0.113258
0.121771
0.115584
0.117958
0.136414
0.111922
0.119978
0.115564
0.115075
0.117188
0.123464
0.119877
0.117961
0.134698
0.126535
0.122959
0.12084
0.125125
0.106153
0.114409
0.125628
0.13127
0.134408
0.118052
0.133117
0.121573
0.137329
0.11178
0.127543
0.114003
0.12762
0.119477
0.117706
0.117113
0.12455
0.105367
0.126502
0.113062
0.10838
0.130213
0.13456
0.12994
0.119242
0.130589
0.117091
0.120161
0.130755
0.125763
0.12653
0.120227
0.139528
0.118371
0.12348
0.12062
0.125853
0.128797
0.116889
0.123759
0.116432
0.115801
0.147549
0.12259
0.128925
0.0980633
0.119774
0.114175
0.108213
0.124195
0.116526
0.128285
0.119977
0.116935
0.122687
0.129278
0.113717
0.106775
0.128376
0.111956
0.117239
0.120514
0.130649
0.121741
0.11206
0.124524
0.130434
0.117712
0.128214
0.140233
0.110982
0.12225
0.111851
0.116955
0.110682
0.101197
0.130334
0.129099
0.127052
0.12677
0.118576
0.117875
0.121349
0.119772
0.123237
0.121415
0.122499
0.108482
0.119507
0.113901
0.116944
0.10863
0.11682
0.121722
0.120585
0.131012
0.126002
0.128645
0.128807
0.133807
0.138417
0.128312
0.122936
0.134032
0.115586
0.12954
0.112034
0.132725
0.108428
0.130821
0.103738
0.138675
0.0972231
0.11954
0.134163
0.130306
0.125039
0.127018
0.113622
0.12393
0.132221
0.117405
0.114632
0.119254
0.128779
0.121216
0.129855
0.114407
0.122375
0.123063
0.126768
0.117307
0.117518
0.114049
0.108839
0.132777
0.115478
0.118445
0.116241
0.115658
0.117504
0.11857
0.111253
0.12036
0.11225
0.123513
0.148805
0.118579
0.120746
0.137305
0.11359
0.134515
0.117185
0.117779
0.119362
0.122785
0.122614
0.115898
0.124892
0.110779
0.119995
0.126588
0.118443
0.119828
0.118396
0.127319
0.137141
0.125008
0.107439
0.118947
0.115118
0.121861
0.12124
0.116523
0.156279
0.120792
0.121839
0.114861
0.112579
0.109423
0.115623
0.122085
0.123449
0.124137
0.114901
0.139871
0.139556
0.111727
0.122776
0.117905
0.117331
0.117399
0.135152
0.111002
0.129213
0.132043
0.110612
0.109096
0.104731
0.101302
0.113796
0.130226
0.11961
0.115832
0.103488
0.117011
0.113184
0.109871
0.124179
0.124946
0.115565
0.127381
0.105521
0.133288
0.115524
0.114265
0.134582
0.14461
0.110364
0.115922
0.119213
0.138791
0.113409
0.122828
0.126233
0.113657
0.119473
0.112029
0.119801
0.122257
0.116579
0.125561
0.106712
0.109885
0.115984
0.116427
0.134279
0.115919
0.101944
0.136685
0.114532
0.131405
0.119272
0.124954
0.115694
0.143058
0.114006
0.132843
0.116279
0.119777
0.126748
0.140621
0.125627
0.120108
0.108352
0.131825
0.120575
0.129281
0.116737
0.107044
0.118862
0.114702
0.121011
0.121556
0.129297
0.122377
0.10247
0.100958
0.109475
0.123383
0.112627
0.125959
0.112098
0.108514
0.118543
0.127141
0.106237
0.116949
0.110992
0.111801
0.133354
0.118094
0.12619
0.104131
0.125975
0.135248
0.116889
0.116705
0.113804
0.114549
0.109797
0.127967
0.117729
0.11519
0.122153
0.115549
0.112377
0.123206
0.107547
0.119092
0.110403
0.114048
0.115966
0.120731
0.113033
0.135685
0.125776
0.115065
0.126915
0.110542
0.120181
0.112775
0.12564
0.113481
0.125034
0.109442
0.127614
0.124459
0.110007
0.131767
0.125499
0.114821
0.139303
0.117618
0.11016
0.122379
0.117268
0.107438
0.112857
0.122257
0.11454
0.126785
0.108734
0.11384
0.13611
0.11527
0.117193
0.106071
0.107941
0.107161
0.124351
0.124932
0.130942
0.113203
0.117429
0.099681
0.110946
0.118687
0.116347
0.109969
0.115601
0.120444
0.1272
0.127113
0.114427
0.112618
0.116128
0.111788
0.113438
0.127378
0.118657
0.107713
0.138318
0.125143
0.123375
0.125059
0.119402
0.102277
0.117142
0.121586
0.123346
0.127054
0.111245
0.107687
0.101956
0.124286
0.120261
0.143796
0.112201
0.106925
0.124089
0.11609
0.133218
0.118063
0.114375
0.124699
0.124136
0.118191
0.117025
0.109207
0.134085
0.118982
0.109236
0.12855
0.109865
0.117623
0.100996
0.120219
0.11342
0.12362
0.114513
0.119719
0.13082
0.117115
0.113622
0.117674
0.136343
0.11725
0.105212
0.12582
0.115797
0.118996
0.117014
0.108935
0.12691
0.112905
0.114586
0.116958
0.116364
0.126647
0.115343
0.118473
0.126902
0.116717
0.11972
0.117139
0.111066
0.104267
0.117221
0.132377
0.114811
0.111332
0.113916
0.109358
0.120015
0.132723
0.129928
0.109487
0.112267
0.142015
0.10973
0.100595
0.110211
0.111266
0.126506
0.120994
0.115285
0.126155
0.112341
0.107182
0.121675
0.127959
0.108683
0.114876
0.120037
0.112868
0.111572
0.126088
0.122236
0.116597
0.102668
0.107351
0.11541
0.110283
0.108699
0.105947
0.130256
0.114281
0.12543
0.117663
0.118155
0.123727
0.117212
0.11359
0.101697
0.130216
0.118999
0.126311
0.110991
0.121421
0.117031
0.137213
0.13113
0.113629
0.108144
0.116584
0.11129
0.103634
0.113622
0.119054
0.112879
0.1218
0.111507
0.124856
0.113122
0.124903
0.126737
0.123653
0.104239
0.11345
0.118264
0.116841
0.119629
0.108852
0.118532
0.115095
0.10821
0.0988667
0.115332
0.13394
0.134286
0.126175
0.124146
0.114221
0.107866
0.119986
0.125266
0.125275
0.11077
0.113951
0.110793
0.113761
0.106206
0.112245
0.104594
0.123306
0.130402
0.107064
0.109134
0.119978
0.109386
0.114366
0.11067
0.104765
0.121001
0.103029
0.139855
0.117954
0.135464
0.110823
0.117231
0.115522
0.115781
0.114071
0.110788
0.113976
0.113979
0.125108
0.10446
0.113105
0.118449
0.10704
0.125365
0.100248
0.117637
0.112616
0.143455
0.10838
0.112068
0.11656
0.122549
0.108998
0.125815
0.121387
0.116451
0.114842
0.134046
0.118744
0.118778
0.124915
0.112519
0.111036
0.110265
0.115593
0.121543
0.125319
0.109107
0.117736
0.10276
0.108101
0.119166
0.116495
0.110678
0.103796
0.121455
0.109415
0.0994838
0.131089
0.107555
0.109652
0.108487
0.116931
0.104783
0.117421
0.107868
0.116073
0.120672
0.110399
0.133442
0.110564
0.119843
0.111222
0.114564
0.130159
0.104743
0.118284
0.129449
0.133553
0.1061
0.112251
0.122806
0.116524
0.111171
0.120237
0.109183
0.10116
0.107132
0.119089
0.120582
0.109695
0.102749
0.110525
0.104893
0.112691
0.106455
0.121516
0.131978
0.1105
0.115062
0.105014
0.105913
0.123931
0.115011
0.114717
0.114773
0.110576
0.112941
0.125937
0.101207
0.118391
0.103567
0.112677
0.114257
0.129272
0.118584
0.104645
0.110394
0.123846
0.102633
0.126803
0.11224
0.116028
0.108778
0.111167
0.106889
0.101124
0.110503
0.107121
0.117503
0.111659
0.105177
0.104946
0.108932
0.114852
0.117528
0.109182
0.125517
0.108919
0.111663
0.120822
0.122327
0.100211
0.109449
0.115058
0.125303
0.11655
0.109969
0.124569
0.110721
0.108057
0.121182
0.114163
0.108557
0.107724
0.118827
0.131104
0.108501
0.123754
0.109994
0.115889
0.113134
0.127589
0.122853
0.112403
0.117976
0.130757
0.111744
0.117999
0.124963
0.115581
0.109274
0.100952
0.114143
0.124435
0.107468
0.117682
0.116671
0.103021
0.114425
0.118505
0.125447
0.105975
0.11445
0.124394
0.111526
0.116596
0.114114
0.108879
0.120171
0.111078
0.105096
0.119653
0.111283
0.100785
0.111403
0.114144
0.127944
0.107037
0.114918
0.116124
0.113686
0.105971
0.107043
0.128905
0.111055
0.110962
0.105473
0.118284
0.12173
0.120165
0.10207
0.101175
0.109506
0.105552
0.108884
0.117404
0.112608
0.119582
0.13783
0.112541
0.109749
0.125923
0.117845
0.132372
0.104661
0.105033
0.115886
0.107244
0.116406
0.12728
0.127612
0.100215
0.111212
0.117916
0.116113
0.122845
0.144109
0.123729
0.0986305
0.102601
0.122057
0.107877
0.113145
0.113025
0.0993074
0.104865
0.104593
0.115536
0.118268
0.121517
0.113804
0.103621
0.117006
0.110477
0.105426
0.124382
0.128238
0.121189
0.105421
0.119469
0.108692
0.111643
0.113538
0.100769
0.117476
0.107807
0.113245
0.122369
0.0983996
0.103307
0.102665
0.140254
0.0972493
0.11083
0.115888
0.106416
0.116684
0.11868
0.116379
0.115945
0.111101
0.100654
0.113249
0.108392
0.119324
0.127483
0.111557
0.105427
0.114107
0.110188
0.108295
0.106453
0.119174
0.112689
0.0992371
0.110574
0.107141
0.109276
0.104533
0.118916
0.110531
0.122499
0.101677
0.109594
0.11664
0.116172
0.114892
0.121702
0.147738
0.12578
0.111329
0.108204
0.110157
0.12477
0.105206
0.1131
0.130241
0.114214
0.104817
0.114384
0.130629
0.108886
0.103749
0.118248
0.110534
0.117043
0.110788
0.0981548
0.110413
0.117087
0.111678
0.118152
0.11675
0.110661
0.123654
0.112237
0.123889
0.107882
0.125768
0.125016
0.114111
0.126826
0.115518
0.112482
0.118914
0.119272
0.129261
0.115476
0.127153
0.110654
0.115469
0.101084
0.105811
0.0984398
0.114722
0.116028
0.127486
0.115793
0.117033
0.111328
0.118785
0.112567
0.118473
0.094648
0.101758
0.111327
0.105201
0.096223
0.129298
0.113296
0.119973
0.125502
0.10404
0.10741
0.1157
0.109722
0.1145
0.110174
0.117835
0.110742
0.110997
0.120383
0.113167
0.103602
0.0940159
0.108632
0.125039
0.103657
0.104416
0.1221
0.118876
0.103005
0.125288
0.117544
0.106272
0.113717
0.131731
0.113707
0.107134
0.113495
0.106487
0.112723
0.124739
0.108667
0.110287
0.113933
0.126021
0.117743
0.114922
0.118069
0.113839
0.103581
0.110116
0.119844
0.113233
0.106436
0.110866
0.129295
0.109248
0.119937
0.108394
0.122471
0.143922
0.106139
0.114026
0.111545
0.103479
0.117069
0.103581
0.110143
0.100537
0.118545
0.106141
0.110509
0.123659
0.110772
0.114771
0.100692
0.111383
0.100672
0.120035
0.109002
0.0983178
0.1087
0.109284
0.101864
0.123182
0.108852
0.114399
0.10081
0.107751
0.118027
0.109696
0.102215
0.120932
0.104519
0.108354
0.11459
0.111466
0.102887
0.104938
0.108874
0.115568
0.11511
0.0910153
0.123283
0.116814
0.111409
0.11998
0.115656
0.109568
0.100662
0.122649
0.118963
0.116722
0.124897
0.108229
0.102926
0.117127
0.112392
0.109256
0.112669
0.120162
0.104913
0.0954679
0.100832
0.109745
0.114263
0.117256
0.11469
0.122083
0.108144
0.132365
0.127086
0.123628
0.11025
0.107903
0.123382
0.119033
0.111571
0.130872
0.107104
0.109739
0.108484
0.113267
0.107426
0.107509
0.11975
0.105084
0.112265
0.113071
0.11802
0.122991
0.113764
0.113814
0.105435
0.0931173
0.118584
0.106566
0.113924
0.114195
0.109555
0.106404
0.116058
0.113652
0.108049
0.118863
0.113362
0.0938471
0.118019
0.114867
0.112352
0.103356
0.121514
0.111609
0.124722
0.12113
0.108978
0.111907
0.119464
0.111663
0.0974152
0.110034
0.120313
0.116431
0.105767
0.116105
0.106612
0.111687
0.107495
0.108939
0.104187
0.119171
0.115477
0.113541
0.116514
0.120339
0.112665
0.107337
0.114111
0.0983586
0.118251
0.107993
0.105552
0.114216
0.112291
0.107173
0.0925565
0.110059
0.119973
0.100278
0.108946
0.109442
0.116433
0.114559
0.103288
0.127564
0.112405
0.112399
0.106614
0.114514
0.100831
0.120339
0.10651
0.107845
0.118965
0.11488
0.121162
0.110743
0.117287
0.114067
0.12004
0.109943
0.100315
0.116778
0.111738
0.107223
0.117924
0.114413
0.112318
0.099138
0.11862
0.121669
0.104447
0.110131
0.105314
0.100565
0.110497
0.123984
0.117481
0.100555
0.124707
0.106379
0.115424
0.0956234
0.101875
0.105222
0.121613
0.0937348
0.105325
0.106372
0.117924
0.111715
0.0974723
0.108602
0.109701
0.121711
0.115486
0.11308
0.117286
0.108285
0.108267
0.0990927
0.125681
0.112163
0.109491
0.102634
0.121716
0.112191
0.0986053
0.119119
0.106224
0.111678
0.115082
0.105854
0.106125
0.109613
0.108613
0.112017
0.126845
0.0974783
0.100529
0.0980492
0.115421
0.120683
0.127417
0.0962698
0.102523
0.102539
0.103602
0.105533
0.0950036
0.125814
0.101241
0.126637
0.11452
0.111869
0.114566
0.116969
0.11375
0.100068
0.11055
0.121407
0.110596
0.105794
0.118556
0.105269
0.110015
0.100918
0.121578
0.113177
0.122124
0.11649
0.110831
0.127114
0.120198
0.115331
0.105868
0.104967
0.107503
0.105886
0.134922
0.107533
0.119759
0.106356
0.120942
0.1023
0.118948
0.109452
0.109714
0.116136
0.10424
0.110082
0.112698
0.099987
0.111414
0.100648
0.0922395
0.115142
0.102041
0.108673
0.10552
0.103219
0.122721
0.11391
0.10162
0.110774
0.112615
0.106145
0.111174
0.1027
0.107794
0.113652
0.116706
0.0949463
0.109795
0.0978359
0.116125
0.108134
0.116233
0.106782
0.112651
0.10416
0.109925
0.115917
0.0979017
0.103977
0.10095
0.120775
0.107208
0.117277
0.106021
0.11018
0.106524
0.103967
0.112834
0.116041
0.111992
0.101745
0.115507
0.116816
0.104862
0.114903
0.109128
0.0962847
0.11049
0.102998
0.108967
0.127297
0.121842
0.111177
0.106262
0.117228
0.099435
0.11147
0.113888
0.110226
0.100963
0.103965
0.100457
0.097314
0.106276
0.112857
0.110964
0.117221
0.0996736
0.112019
0.105439
0.102172
0.113272
0.111018
0.124197
0.123102
0.118211
0.118385
0.105877
0.102406
0.10735
0.110672
0.100632
0.116677
0.12602
0.124231
0.101609
0.0943211
0.106705
0.115273
0.112602
0.1236
0.116237
0.111851
0.110954
0.112595
0.10484
0.106428
0.0967534
0.10767
0.117135
0.125978
0.098477
0.117211
0.0968338
0.114257
0.103623
0.109516
0.106045
0.10938
0.106774
0.0974129
0.0956207
0.12002
0.122077
0.105339
0.113278
0.101137
0.103504
0.106321
0.12371
0.119316
0.100927
0.123764
0.11467
0.11138
0.109021
0.121611
0.106844
0.115893
0.109587
0.110669
0.0969916
0.103315
0.103935
0.10945
0.102062
0.108533
0.108244
0.0990806
0.124999
0.0995148
0.124944
0.111328
0.112011
0.114453
0.111688
0.0960306
0.104723
0.111854
0.111326
0.105275
0.109544
0.128324
0.105407
0.127637
0.108274
0.099597
0.125492
0.11511
0.117705
0.106779
0.104531
0.113662
0.110202
0.10113
0.125621
0.103022
0.119763
0.0990184
0.117672
0.0939375
0.111009
0.102191
0.111509
0.111299
0.104195
0.116271
0.110895
0.120829
0.119891
0.117203
0.108781
0.101123
0.112352
0.132076
0.107712
0.102221
0.114125
0.123429
0.106256
0.11134
0.102761
0.111861
0.102326
0.0961777
0.121963
0.110495
0.123734
0.128262
0.0977075
0.115115
0.111036
0.110273
0.119254
0.107625
0.109142
0.10978
0.109655
0.113284
0.106912
0.102945
0.11578
0.101059
0.110736
0.115518
0.119426
0.102974
0.103139
0.111363
0.102125
0.114497
0.102909
0.114276
0.11053
0.122511
0.100581
0.112543
0.104835
0.10667
0.102721
0.105282
0.10734
0.116552
0.0995173
0.100317
0.0947691
0.102593
0.0914357
0.112588
0.104787
0.115314
0.111496
0.109741
0.108166
0.10219
0.101125
0.105166
0.106702
0.107532
0.11621
0.10572
0.108802
0.111008
0.116737
0.106724
0.107501
0.0972165
0.100723
0.104682
0.105407
0.102288
0.113252
0.095781
0.105577
0.110681
0.0990959
0.106955
0.105132
0.100706
0.102372
0.119514
0.106645
0.111505
0.0938782
0.110859
0.104448
0.117404
0.0929358
0.106893
0.102603
0.103546
0.099667
0.117925
0.0984415
0.108065
0.109898
0.113109
0.11485
0.116206
0.121538
0.104223
0.100017
0.121207
0.106803
0.108257
0.107527
0.0969626
0.118154
0.0991866
0.0980876
0.112755
0.0993658
0.102997
0.10249
0.108333
0.0996337
0.105704
0.103523
0.105056
0.110332
0.126031
0.114768
0.106341
0.116155
0.110032
0.104566
0.10698
0.108247
0.10427
0.0995093
0.113004
0.105244
0.105768
0.111445
0.119208
0.0976788
0.122424
0.114413
0.117163
0.108553
0.108748
0.106336
0.108211
0.0872041
0.102536
0.0930656
0.10483
0.0896286
0.0881993
0.111477
0.107705
0.111199
0.112978
0.108918
0.103024
0.107154
0.111658
0.113889
0.102547
0.110674
0.110197
0.110993
0.110458
0.113518
0.100086
0.104312
0.117325
0.112071
0.111691
0.104837
0.109468
0.135482
0.110723
0.112048
0.107701
0.110432
0.112226
0.105587
0.107293
0.105428
0.115895
0.0965858
0.105721
0.107644
0.12017
0.107578
0.113035
0.101084
0.111779
0.100786
0.106513
0.0976458
0.104083
0.109258
0.0968883
0.100446
0.102111
0.113013
0.100998
0.113118
0.112223
0.101963
0.0955625
0.114121
0.109395
0.111079
0.0889888
0.10634
0.110102
0.108199
0.118027
0.0958747
0.104095
0.108761
0.115067
0.0992473
0.107146
0.110773
0.117858
0.114233
0.103799
0.10247
0.10586
0.113929
0.10921
0.105047
0.107692
0.0988945
0.0967496
0.09539
0.0976852
0.0958519
0.12117
0.103235
0.109921
0.100008
0.141538
0.104145
0.111431
0.0985907
0.112099
0.112191
0.101002
0.112875
0.0889523
0.0968798
0.0925377
0.109371
0.114466
0.100582
0.106811
0.102686
0.109204
0.10784
0.117228
0.0932345
0.105292
0.110439
0.106216
0.109601
0.100901
0.102912
0.100772
0.0966622
0.120706
0.124832
0.103201
0.107236
0.100921
0.114812
0.115052
0.103653
0.106324
0.113507
0.112438
0.105372
0.109826
0.110787
0.0951543
0.109288
0.0994704
0.0969174
0.11027
0.0945111
0.113074
0.102722
0.126108
0.112149
0.123337
0.100175
0.116332
0.104654
0.101567
0.113082
0.114022
0.0986
0.120249
0.0974239
0.113391
0.112472
0.101367
0.0968523
0.128277
0.106699
0.0999173
0.114445
0.0969097
0.109711
0.111759
0.109065
0.102049
0.127801
0.10898
0.114967
0.105168
0.111761
0.125105
0.109763
0.107518
0.114361
0.0952703
0.110305
0.11045
0.106197
0.111723
0.107269
0.101925
0.109022
0.11556
0.108672
0.113155
0.111944
0.115028
0.111884
0.103719
0.108603
0.104021
0.0958361
0.106165
0.105972
0.118183
0.100195
0.110199
0.0968193
0.0955379
0.111121
0.103068
0.103549
0.101018
0.111979
0.128273
0.104285
0.0980855
0.106574
0.113299
0.0935892
0.101927
0.118941
0.0994482
0.0973717
0.115979
0.11317
0.109103
0.104076
0.107846
0.112847
0.120594
0.112316
0.108907
0.106897
0.113167
0.114589
0.100922
0.102475
0.101654
0.107871
0.105903
0.087356
0.119735
0.093721
0.100196
0.117876
0.0988728
0.108865
0.109635
0.106702
0.11028
0.109284
0.107077
0.0950314
0.0995368
0.110751
0.104817
0.104392
0.102322
0.100383
0.117168
0.109763
0.0979746
0.104053
0.099482
0.107994
0.101446
0.10029
0.103358
0.105125
0.0992931
0.119982
0.11348
0.115428
0.112266
0.101478
0.112776
0.0895074
0.112322
0.101853
0.102672
0.111988
0.0997885
0.113456
0.0956748
0.108712
0.0971123
0.102878
0.112
0.105455
0.1012
0.110428
0.111984
0.0942189
0.0993487
0.121064
0.111856
0.101527
0.120199
0.111659
0.111987
0.0957025
0.106033
0.0978406
0.0948702
0.0989223
0.107248
0.100137
0.11764
0.109735
0.109894
0.102426
0.0996554
0.107475
0.0956009
0.118627
0.104903
0.0982183
0.110181
0.102101
0.113292
0.10883
0.102143
0.0960018
0.110619
0.102065
0.115649
0.113309
0.0942
0.105681
0.111947
0.101127
0.111489
0.11343
0.107854
0.105699
0.111882
0.0960609
0.108133
0.0955399
0.113226
0.12257
0.108541
0.0992165
0.110863
0.101622
0.0991516
0.109821
0.0957363
0.10944
0.091117
0.105763
0.0951671
0.103902
0.105398
0.112037
0.115576
0.0946531
0.107823
0.117767
0.10833
0.112111
0.102558
0.105457
0.105354
0.0941859
0.107058
0.107858
0.0940645
0.11468
0.112197
0.111417
0.108639
0.094311
0.0914126
0.0959718
0.125335
0.106698
0.103388
0.0991909
0.105963
0.105536
0.101526
0.0991854
0.113261
0.111004
0.105572
0.10719
0.107926
0.108477
0.0981723
0.103999
0.100049
0.111553
0.11411
0.101451
0.106226
0.101213
0.103033
0.108599
0.098948
0.105488
0.104018
0.100163
0.102791
0.0995712
0.107225
0.108365
0.10182
0.11037
0.1016
0.0982837
0.101335
0.114072
0.107842
0.0951953
0.0983473
0.0987862
0.0999276
0.115016
0.0947545
0.0995206
0.0977452
0.102122
0.0930218
0.104644
0.104873
0.101137
0.106768
0.115936
0.123236
0.118577
0.105106
0.0952082
0.100153
0.107517
0.103081
0.112975
0.103822
0.119328
0.0951388
0.0956126
0.113437
0.106223
0.105286
0.107787
0.101117
0.101746
0.0955387
0.102744
0.103295
0.10364
0.112018
0.118628
0.103644
0.0989137
0.103199
0.100344
0.105161
0.10066
0.102684
0.111959
0.0999756
0.107989
0.0919784
0.0915873
0.10895
0.098106
0.095396
0.102924
0.100037
0.0884211
0.0983217
0.107889
0.0999679
0.097671
0.103996
0.103123
0.108378
0.103145
0.0974418
0.103495
0.103129
0.0989509
0.0990406
0.0949979
0.107078
0.112812
0.111716
0.119853
0.108544
0.0994111
0.0876173
0.112623
0.10188
0.10572
0.0985718
0.098469
0.107794
0.116704
0.114885
0.0956974
0.106981
0.101316
0.102467
0.109466
0.101468
0.100969
0.111447
0.0963851
0.107089
0.110553
0.108057
0.109177
0.0969104
0.104346
0.105903
0.112239
0.102451
0.10472
0.112338
0.103972
0.100887
0.101458
0.113267
0.130741
0.102058
0.0932879
0.0945885
0.0931833
0.118735
0.0979821
0.105475
0.110501
0.114115
0.102223
0.101911
0.12
0.125686
0.102011
0.118777
0.109876
0.111208
0.0998417
0.0978108
0.101542
0.101387
0.104581
0.113795
0.115657
0.0943084
0.10248
0.101225
0.109618
0.102658
0.107087
0.0917909
0.10718
0.0987235
0.105652
0.124623
0.0970616
0.103361
0.104202
0.105035
0.10011
0.107259
0.108161
0.112386
0.0974924
0.0958069
0.121148
0.106009
0.102427
0.105844
0.106033
0.101209
0.095906
0.101838
0.102776
0.101053
0.100837
0.118637
0.103282
0.09144
0.106899
0.115759
0.0941271
0.113868
0.0953855
0.104361
0.115363
0.107572
0.106812
0.104428
0.106372
0.093125
0.105043
0.10356
0.0971286
0.096198
0.102972
0.092479
0.10075
0.10791
0.112467
0.10867
0.0993095
0.114799
0.101958
0.116489
0.108589
0.10344
0.103528
0.100179
0.0913453
0.102605
0.0882172
0.102558
0.119141
0.0891611
0.0982928
0.1009
0.109189
0.100947
0.0938052
0.0922344
0.101789
0.0870369
0.101768
0.103597
0.107747
0.0954498
0.0999726
0.115193
0.105073
0.0899278
0.120585
0.103178
0.107821
0.107481
0.113346
0.0922946
0.114247
0.101619
0.100682
0.114488
0.105493
0.105145
0.0858457
0.110216
0.0964502
0.106261
0.10167
0.0953892
0.0934758
0.104774
0.0999024
0.107756
0.101937
0.0913378
0.104158
0.0982753
0.0906763
0.0888539
0.0935694
0.0981606
0.108294
0.101923
0.1172
0.110801
0.104845
0.10618
0.101681
0.115425
0.10161
0.0981685
0.113129
0.112204
0.10286
0.105167
0.109986
0.107773
0.0936802
0.0972865
0.0997086
0.0962599
0.0961249
0.109354
0.0923877
0.12499
0.106451
0.11689
0.105198
0.104953
0.106797
0.0954706
0.0976936
0.0888847
0.102081
0.0970322
0.0952474
0.0949378
0.107612
0.106576
0.11555
0.100424
0.0927033
0.101294
0.0954972
0.118574
0.110048
0.0986822
0.100325
0.0921277
0.101173
0.110378
0.111664
0.0973625
0.0963412
0.0988784
0.0976752
0.0912144
0.10638
0.102442
0.109617
0.0939626
0.105384
0.0981821
0.0977998
0.103877
0.093251
0.0930434
0.104016
0.107682
0.0966997
0.0964976
0.109894
0.103044
0.108115
0.100023
0.0972257
0.0917015
0.111418
0.106499
0.112324
0.103204
0.0963225
0.102633
0.093827
0.0987575
0.104354
0.118111
0.118366
0.0969684
0.0972688
0.10639
0.0885461
0.0937175
0.0962687
0.105978
0.106705
0.104491
0.113761
0.0988459
0.0867246
0.100092
0.0960846
0.0923737
0.113834
0.0936833
0.101195
0.107405
0.10994
0.104112
0.097889
0.103992
0.105106
0.0975256
0.10461
0.090669
0.104161
0.095869
0.0958711
0.0976077
0.106673
0.108661
0.118762
0.115756
0.0900684
0.102729
0.090692
0.104922
0.114384
0.112551
0.104278
0.0849431
0.0981915
0.102193
0.120052
0.099237
0.0874
0.10551
0.104189
0.102502
0.099464
0.0982021
0.104888
0.111255
0.100967
0.0974771
0.113172
0.10834
0.0924809
0.107129
0.0980633
0.101249
0.0921248
0.101666
0.0879701
0.0949917
0.102226
0.106635
0.102009
0.0937104
0.103431
0.0980267
0.102075
0.114245
0.110516
0.10039
0.0956814
0.104948
0.104833
0.114374
0.104923
0.108519
0.104899
0.103886
0.10198
0.0935456
0.0984036
0.104068
0.101555
0.0989097
0.108691
0.0998863
0.0880258
0.107018
0.0972542
0.104403
0.104127
0.11587
0.124438
0.1072
0.0954529
0.113424
0.0967968
0.107621
0.108351
0.0858522
0.102703
0.102304
0.107784
0.102186
0.105135
0.104313
0.103059
0.108488
0.0875374
0.104451
0.101841
0.103507
0.107015
0.101375
0.115679
0.108682
0.0881835
0.11549
0.103452
0.100602
0.112279
0.0880984
0.114383
0.0971343
0.0978113
0.108001
0.093789
0.103846
0.111147
0.097524
0.107318
0.111483
0.095759
0.109163
0.101887
0.102671
0.105732
0.100329
0.10116
0.102747
0.0912202
0.107412
0.108261
0.100097
0.0919554
0.0961047
0.0955461
0.108139
0.107539
0.102076
0.10413
0.0952847
0.102951
0.102867
0.10451
0.0954344
0.108328
0.0976024
0.103428
0.0944351
0.0982869
0.108857
0.103657
0.0917146
0.0945101
0.105938
0.102018
0.0928404
0.0959349
0.101689
0.112672
0.113877
0.106461
0.104875
0.102918
0.0929324
0.10745
0.08747
0.101992
0.100104
0.104925
0.115879
0.0998448
0.0964805
0.098248
0.0964219
0.0935921
0.0934912
0.092551
0.0908279
0.100619
0.0921895
0.0953551
0.0932122
0.109301
0.0959212
0.102013
0.10603
0.112032
0.104245
0.0915257
0.105887
0.106293
0.0888239
0.105667
0.0981568
0.0983255
0.111551
0.116738
0.0964384
0.101512
0.113355
0.113089
0.11425
0.100196
0.100354
0.0935923
0.112726
0.093832
0.102258
0.0960841
0.0936789
0.101404
0.103729
0.103102
0.100224
0.101439
0.103756
0.0950642
0.0971959
0.093166
0.0919219
0.117346
0.105931
0.0984502
0.119538
0.103404
0.102042
0.108465
0.105388
0.0970604
0.0850668
0.105301
0.114543
0.100866
0.097774
0.110663
0.0914636
0.0977291
0.0947628
0.104671
0.0958184
0.111898
0.0982503
0.0934921
0.102486
0.103993
0.103442
0.110319
0.09464
0.0992346
0.0974253
0.120644
0.0965828
0.105129
0.0981874
0.104487
0.102413
0.104838
0.0991123
0.099516
0.100854
0.102902
0.103715
0.109451
0.112991
0.104512
0.0866223
0.109718
0.10293
0.102379
0.100821
0.093594
0.0882669
0.096746
0.0944399
0.0896089
0.0912874
0.101648
0.0943923
0.0985218
0.115342
0.0973992
0.0913772
0.115739
0.111717
0.106414
0.0976091
0.107018
0.105464
0.0855455
0.0976657
0.0950235
0.093224
0.100375
0.101324
0.10102
0.103526
0.102383
0.0988343
0.102641
0.0920245
0.110372
0.097534
0.100129
0.0968758
0.107657
0.100433
0.11257
0.108334
0.107734
0.093567
0.0922374
0.0998255
0.103391
0.112669
0.103283
0.100607
0.114914
0.100129
0.103153
0.102912
0.111697
0.0938902
0.1071
0.112447
0.10605
0.10526
0.105826
0.0891772
0.109607
0.0944567
0.102813
0.093966
0.0966827
0.107762
0.0911287
0.104718
0.100484
0.105388
0.0896942
0.103231
0.0993827
0.0998207
0.104027
0.102798
0.0942857
0.0988804
0.097758
0.0937558
0.0997671
0.0982847
0.0935099
0.112688
0.0906977
0.111191
0.092187
0.0938579
0.0955604
0.0979266
0.10757
0.104663
0.0895708
0.0977579
0.104005
0.103799
0.106396
0.106439
0.0938646
0.0990643
0.0945839
0.0898296
0.104409
0.10973
0.100928
0.120052
0.0876818
0.0928221
0.104239
0.106595
0.101048
0.0992382
0.0953089
0.108215
0.100892
0.100713
0.0945812
0.0912489
0.0934011
0.109285
0.0959457
0.106084
0.0998611
0.114529
0.0976961
0.0873985
0.102453
0.0980857
0.104683
0.0960853
0.100801
0.0897361
0.103342
0.105981
0.113624
0.10687
0.0994498
0.0940401
0.0955365
0.0980526
0.0901829
0.110718
0.101899
0.0993707
0.0936188
0.105385
0.097053
0.107644
0.10134
0.106796
0.107226
0.0915632
0.107997
0.0945435
0.0915986
0.107573
0.0970004
0.10418
0.106726
0.0917638
0.101834
0.100749
0.10211
0.0963512
0.0958649
0.100861
0.094103
0.105551
0.126855
0.0969038
0.0964574
0.108232
0.104389
0.0887438
0.091192
0.0937487
0.0970462
0.0991656
0.0963973
0.0965447
0.104077
0.0925736
0.0987259
0.088392
0.102459
0.0946148
0.101193
0.0998685
0.101821
0.099783
0.0998194
0.106709
0.10408
0.0975956
0.0981368
0.10544
0.0931665
0.102951
0.106971
0.0847225
0.0879089
0.103641
0.103851
0.112134
0.103127
0.0987559
0.118648
0.0937433
0.096465
0.100036
0.0994144
0.102316
0.101466
0.0941657
0.110342
0.0857507
0.0853178
0.10541
0.0954954
0.0926011
0.0987806
0.100111
0.10149
0.101587
0.0963311
0.110071
0.102729
0.099231
0.100021
0.0989623
0.106775
0.102589
0.0982749
0.103791
0.087652
0.0988735
0.112675
0.0976783
0.0847982
0.102506
0.0897124
0.0963544
0.0989205
0.0942036
0.101603
0.0962125
0.102065
0.0954717
0.108526
0.104776
0.103717
0.104362
0.115292
0.120669
0.0850316
0.0982243
0.103357
0.0978457
0.107389
0.0977215
0.0953824
0.102043
0.101864
0.127911
0.0998705
0.103643
0.101252
0.110517
0.0980449
0.101883
0.0996286
0.106397
0.0941047
0.0991585
0.094902
0.099408
0.0925152
0.114461
0.0869896
0.101973
0.102604
0.0941436
0.10071
0.095008
0.10415
0.100107
0.0927211
0.101904
0.0906523
0.0931096
0.100176
0.0898026
0.0860729
0.114228
0.0940101
0.096866
0.090155
0.0986588
0.0911084
0.101919
0.0950421
0.0965861
0.102009
0.0936024
0.101434
0.0976581
0.0998675
0.107352
0.11948
0.0987759
0.0983073
0.0907781
0.114399
0.112541
0.105406
0.108283
0.0942624
0.108946
0.100256
0.0919931
0.0931004
0.0893886
0.0903828
0.0977916
0.0931318
0.105129
0.107021
0.0966411
0.0958681
0.0966913
0.0931397
0.0980514
0.0982169
0.103238
0.0986762
0.101603
0.0968916
0.104443
0.0963891
0.0872919
0.103345
0.0986052
0.0865523
0.107636
0.0946781
0.103354
0.103257
0.09483
0.109101
0.0969751
0.100703
0.0950164
0.0983428
0.109118
0.114064
0.0994595
0.0893392
0.0881319
0.106197
0.0935076
0.0939059
0.103215
0.10283
0.101437
0.10928
0.0996671
0.0940209
0.0954992
0.101685
0.102396
0.103191
0.10633
0.103919
0.106016
0.0921888
0.101568
0.101489
0.101392
0.0984835
0.0995067
0.0897511
0.104531
0.0877007
0.0982618
0.115465
0.0919419
0.0903331
0.105579
0.0994916
0.083127
0.108512
0.0984902
0.108087
0.100233
0.100861
0.0963976
0.0901072
0.0900135
0.111208
0.0878525
0.115462
0.0950189
0.0938478
0.101696
0.0961073
0.0992095
0.0958425
0.102807
0.0989805
0.104997
0.101628
0.0990312
0.100891
0.102949
0.0947113
0.0931674
0.098967
0.108033
0.0994397
0.0954935
0.0888745
0.0914845
0.086945
0.112334
0.1075
0.106956
0.092851
0.091382
0.113538
0.0984401
0.106907
0.100854
0.0983732
0.0962995
0.102316
0.101188
0.0999343
0.107962
0.0926044
0.109922
0.105602
0.0928139
0.090795
0.0905266
0.09531
0.110127
0.0920651
0.0994259
0.0935196
0.0916385
0.0928298
0.108563
0.0968649
0.100149
0.0950364
0.106683
0.114345
0.0938418
0.0985605
0.0971517
0.104258
0.10306
0.0913008
0.0999166
0.103704
0.0943812
0.100066
0.0975651
0.0972237
0.0992816
0.0966339
0.100676
0.110428
0.0915108
0.106782
0.103261
0.101875
0.0926122
0.0940467
0.0949923
0.101382
0.102751
0.101286
0.0906673
0.102715
0.0940376
0.0983375
0.111299
0.101891
0.101903
0.0909636
0.100069
0.0882348
0.101335
0.0987479
0.0861278
0.0978092
0.0953533
0.119062
0.0984705
0.0897895
0.0949629
0.0881948
0.100899
0.0982265
0.098271
0.0958207
0.0960233
0.101263
0.100156
0.10674
0.102544
0.099991
0.0970311
0.103656
0.0978232
0.105595
0.0955454
0.107684
0.0927331
0.0917932
0.0915424
0.0946842
0.0867515
0.102981
0.102724
0.104129
0.102159
0.0878309
0.0941287
0.0856638
0.0889041
0.101927
0.0962523
0.0951078
0.0909674
0.0878495
0.10431
0.0989641
0.101462
0.0951931
0.108711
0.0928057
0.103025
0.111295
0.102501
0.0956474
0.108197
0.0904604
0.105704
0.109503
0.100358
0.0994586
0.109388
0.0972426
0.099953
0.0909098
0.100797
0.111989
0.0916463
0.103496
0.10346
0.0901057
0.105064
0.0902524
0.0904006
0.0988147
0.112503
0.093987
0.0986718
0.0973711
0.100241
0.112087
0.0905527
0.0803167
0.0939232
0.101541
0.112883
0.107344
0.0932359
0.103081
0.0939028
0.0931909
0.0954106
0.106501
0.0990224
0.0876356
0.0997592
0.0967974
0.0938947
0.106637
0.101078
0.105542
0.099205
0.0852707
0.0999312
0.0977209
0.0877729
0.0975717
0.102906
0.0957579
0.0983105
0.0958948
0.0895631
0.0971087
0.105116
0.106391
0.0942064
0.110065
0.103384
0.0993446
0.097176
0.0951018
0.0969403
0.0993369
0.111308
0.090363
0.0970657
0.10734
0.0999999
0.103504
0.092956
0.0828681
0.0861135
0.0921785
0.102792
0.0917617
0.0965409
0.100079
0.0900934
0.101921
0.0943526
0.103752
0.098603
0.0952052
0.0912061
0.0943832
0.102664
0.0947026
0.0955642
0.10341
0.0965045
0.0907531
0.0893857
0.0945242
0.0904377
0.0939918
0.113539
0.0963995
0.0945339
0.109321
0.10072
0.0922449
0.100692
0.0993364
0.0877069
0.0922844
0.0918172
0.093151
0.0887907
0.0992803
0.10054
0.0957634
0.108302
0.0999544
0.0994033
0.0932256
0.0966955
0.0905399
0.0926476
0.0876112
0.0971338
0.0971165
0.0975962
0.102282
0.116624
0.0945625
0.0916262
0.0901928
0.109696
0.0908468
0.105034
0.10093
0.105503
0.105481
0.0969629
0.0924522
0.108969
0.0889929
0.0868399
0.0918354
0.103709
0.102674
0.0980499
0.0850562
0.109456
0.106417
0.10086
0.0950842
0.101104
0.0904772
0.100809
0.104487
0.0907846
0.0929165
0.0981352
0.0982487
0.0911267
0.120492
0.0944821
0.0994642
0.0923794
0.0980617
0.0975828
0.0956825
0.104286
0.104908
0.108791
0.0810991
0.0997185
0.0896156
0.10429
0.102065
0.0936468
0.0998244
0.0966339
0.0978101
0.0916064
0.0927928
0.0913437
0.10479
0.0929512
0.0937567
0.105344
0.0988794
0.0961822
0.0943263
0.0832629
0.10168
0.095812
0.101041
0.112009
0.0948081
0.103816
0.0829475
0.10394
0.0939306
0.105731
0.0928548
0.0976149
0.0775994
0.0982875
0.10466
0.09441
0.0992288
0.0962767
0.0949254
0.0951073
0.0958688
0.0942993
0.101038
0.0882396
0.0933637
0.102448
0.0909827
0.0961855
0.106918
0.0924454
0.0938288
0.0999285
0.0962668
0.0956728
0.0818261
0.0956298
0.101211
0.103426
0.0928169
0.107104
0.0895674
0.0998835
0.102422
0.0981893
0.0951926
0.111342
0.0978374
0.0935606
0.0987649
0.103592
0.0906359
0.103255
0.104735
0.0922269
0.0853298
0.0964472
0.101855
0.105003
0.100577
0.0913262
0.0961162
0.0937137
0.100472
0.0950939
0.0995806
0.0923725
0.0889152
0.0974822
0.0889718
0.101454
0.0901648
0.0905553
0.100444
0.0864245
0.0970625
0.104666
0.084836
0.0911012
0.0997436
0.0977939
0.10777
0.0961763
0.101097
0.0961412
0.0988714
0.103561
0.105466
0.100579
0.0995777
0.104825
0.0973462
0.0928444
0.0888066
0.093429
0.11439
0.0893384
0.103236
0.0900075
0.0902748
0.10635
0.0996424
0.0964224
0.109829
0.0995438
0.0984874
0.104304
0.099068
0.096497
0.110278
0.107787
0.0984846
0.09815
0.105795
0.0965742
0.0959887
0.10439
0.0832981
0.0996217
0.0973624
0.106574
0.108086
0.0979059
0.0976429
0.0940137
0.106705
0.103425
0.0998631
0.0903915
0.0963153
0.0995804
0.0920027
0.0902381
0.109528
0.0956967
0.108544
0.103265
0.0987251
0.0997822
0.102135
0.106458
0.0935993
0.0991958
0.0965286
0.0933474
0.0881987
0.095488
0.0968564
0.0964283
0.0992271
0.11643
0.0989801
0.099374
0.0932287
0.0929087
0.0931348
0.0985262
0.0992552
0.103568
0.091669
0.0915335
0.104197
0.0986971
0.0985868
0.0864912
0.0960657
0.101193
0.0957146
0.1077
0.0963721
0.0942289
0.0945822
0.0817642
0.0869887
0.10084
0.112785
0.0937662
0.108484
0.104089
0.103551
0.104919
0.0934851
0.101642
0.0990844
0.0995887
0.11006
0.100342
0.0958276
0.092189
0.0938559
0.0996697
0.118369
0.10445
0.0934487
0.102119
0.111135
0.0989277
0.0960215
0.10492
0.0874544
0.092307
0.0863441
0.100461
0.104095
0.108303
0.0898761
0.0994755
0.0941397
0.093887
0.109254
0.0891733
0.0965601
0.10551
0.101551
0.10579
0.0898142
0.095482
0.0951714
0.113357
0.0985791
0.109855
0.109151
0.103143
0.0886323
0.0891095
0.0971578
0.0926883
0.0837534
0.0982748
0.108421
0.0976085
0.0880991
0.100525
0.112138
0.0972086
0.0990529
0.10368
0.095093
0.0918241
0.0922688
0.0943189
0.0962864
0.0877236
0.0879836
0.0956197
0.104366
0.0942134
0.0954407
0.0923212
0.0989917
0.100476
0.0945636
0.0905962
0.0998717
0.0919764
0.101262
0.0874048
0.0971174
0.0976826
0.0987179
0.0925993
0.106758
0.100822
0.0939167
0.0916309
0.0870749
0.0953053
0.0961332
0.102161
0.0883195
0.0980559
0.0933518
0.0964256
0.0922638
0.101725
0.0923318
0.0946789
0.0948151
0.0940021
0.0850827
0.0988269
0.0902954
0.0936288
0.0869473
0.105554
0.0955553
0.0952021
0.0952651
0.0992517
0.0974396
0.0925177
0.104267
0.100258
0.0948627
0.0897411
0.0957925
0.105263
0.0840359
0.0970248
0.100515
0.0920743
0.087001
0.0958979
0.0971349
0.0914024
0.108281
0.11039
0.0942006
0.108554
0.0953026
0.101688
0.0907063
0.0852625
0.0952602
0.0970207
0.0936879
0.0962058
0.0916409
0.092833
0.0858166
0.101079
0.0975894
0.101618
0.0956685
0.0995497
0.0909554
0.0975612
0.0899263
0.089382
0.101737
0.0912406
0.106549
0.0956025
0.0963669
0.0947119
0.0894583
0.0911934
0.100439
0.0907784
0.0906543
0.0998227
0.0939999
0.11631
0.0925894
0.101097
0.0987485
0.0953582
0.092947
0.105269
0.103863
0.0966478
0.0915503
0.0980887
0.0886413
0.0931501
0.107017
0.0939213
0.0911852
0.101004
0.0934553
0.0932345
0.0827127
0.0943481
0.0952676
0.0969191
0.107812
0.101224
0.087419
0.0950299
0.0911151
0.110209
0.0879103
0.0928694
0.0982579
0.0865041
0.0959636
0.0915479
0.0953274
0.0965765
0.0990237
0.0932213
0.0967169
0.0861001
0.101445
0.0954232
0.0983638
0.0938581
0.101555
0.0921867
0.0965286
0.0836457
0.0942068
0.0930139
0.0914198
0.0944172
0.0858342
0.0871301
0.106617
0.100358
0.0940246
0.108399
0.104481
0.0901793
0.0997325
0.11089
0.0990952
0.110782
0.0949329
0.0837992
0.0963076
0.0908651
0.0843215
0.102852
0.0973244
0.106247
0.0921562
0.0933732
0.103302
0.0967837
0.0972738
0.0932332
0.086176
0.0854492
0.0902977
0.104108
0.090931
0.103651
0.0988645
0.108929
0.104869
0.102741
0.0844455
0.0857968
0.0987969
0.10268
0.0890866
0.0951811
0.0959401
0.105585
0.0991656
0.0939449
0.105188
0.0999254
0.0918789
0.100801
0.0977909
0.093581
0.100535
0.090762
0.0893193
0.108249
0.0866383
0.105544
0.108247
0.0942724
0.0919495
0.0990614
0.0913191
0.0976623
0.103242
0.0951562
0.0814459
0.102715
0.0961858
0.0919046
0.0799218
0.103745
0.081129
0.101131
0.093776
0.102675
0.0896378
0.0953185
0.0912733
0.0918526
0.0921147
0.0833215
0.0848106
0.114014
0.0957263
0.0874435
0.0978029
0.0894857
0.0982416
0.0873754
0.0954119
0.0879006
0.106154
0.0958606
0.106446
0.0992187
0.0897425
0.10024
0.0906669
0.0958252
0.0971422
0.0908196
0.0943714
0.0999616
0.0973004
0.0896856
0.105833
0.0949037
0.0870697
0.0923834
0.0864368
0.0920871
0.0899558
0.0921759
0.10526
0.0912687
0.0884262
0.117063
0.0943994
0.114571
0.0886794
0.0929409
0.0924984
0.0917997
0.0925513
0.0872861
0.0918835
0.0998939
0.0946408
0.100483
0.0938304
0.090934
0.0979213
0.0899334
0.0984386
0.104768
0.0931519
0.0940769
0.0818351
0.0953398
0.0977006
0.0943895
0.0919424
0.0968123
0.100905
0.0860643
0.0987216
0.102275
0.0979789
0.0944348
0.100107
0.0826882
0.089902
0.103533
0.0950626
0.102179
0.111642
0.0950041
0.0949959
0.0892483
0.0899591
0.0912592
0.0954301
0.0962176
0.10052
0.0924865
0.103
0.100884
0.0956238
0.0931951
0.0970751
0.0906534
0.101685
0.0999523
0.106307
0.108315
0.097124
0.0870282
0.0961098
0.0960962
0.0954222
0.09711
0.0936456
0.0852142
0.0929498
0.094984
0.0943427
0.106949
0.092333
0.101706
0.0946928
0.0967486
0.0902862
0.0842341
0.0954328
0.0893761
0.100571
0.0923455
0.100121
0.117376
0.0946143
0.0885922
0.089935
0.102626
0.0936163
0.0929586
0.0916312
0.0990849
0.0966741
0.0913773
0.10469
0.0918134
0.103692
0.0983612
0.0906631
0.0913581
0.0974788
0.0958092
0.0993893
0.101924
0.0967151
0.0919467
0.0944628
0.0930345
0.0909091
0.0834388
0.0855806
0.0980038
0.0903626
0.0917337
0.0962925
0.101925
0.100174
0.0871148
0.101612
0.0876548
0.101827
0.0869685
0.0820491
0.0960687
0.0867369
0.0988297
0.0885129
0.0994683
0.0965992
0.0937735
0.0924146
0.103102
0.0928957
0.0974106
0.103563
0.102853
0.103167
0.100501
0.0957352
0.101124
0.0931583
0.0965561
0.104892
0.0932909
0.0831661
0.093603
0.0918583
0.0871377
0.0844227
0.0969909
0.100678
0.0911738
0.0907625
0.0893936
0.097307
0.0900718
0.0929403
0.0907257
0.102019
0.0931889
0.0919293
0.0947425
0.0927463
0.0987749
0.0949666
0.0863719
0.109544
0.0956246
0.0955601
0.0910748
0.0825083
0.103741
0.0988169
0.0896339
0.094307
0.0936018
0.108378
0.0835781
0.0966369
0.0955409
0.0980963
0.0914336
0.0897702
0.091469
0.100499
0.0988567
0.0969824
0.0969267
0.0958267
0.0976082
0.0945056
0.0930603
0.0932185
0.0868952
0.0836222
0.0886452
0.0963413
0.0897961
0.0861681
0.0916126
0.0861518
0.0831757
0.0992475
0.0979733
0.0897796
0.0986215
0.0897769
0.0902431
0.107743
0.0853439
0.102249
0.0998958
0.0949266
0.0949339
0.0970293
0.088746
0.0895495
0.102401
0.105134
0.0960013
0.106271
0.0912154
0.0939076
0.0862962
0.0867625
0.0962309
0.0913486
0.0947454
0.095869
0.088505
0.11022
0.0869371
0.10262
0.0991155
0.101238
0.0869792
0.0825005
0.0902279
0.086528
0.103648
0.0976673
0.102592
0.0970661
0.0893027
0.0840463
0.0961998
0.103631
0.090711
0.0957058
0.0997549
0.104515
0.0844866
0.095511
0.109064
0.0955853
0.086295
0.102142
0.0949486
0.09139
0.0913776
0.0861941
0.0906309
0.103293
0.0991095
0.0901244
0.100487
0.0881911
0.0923193
0.0900851
0.0938367
0.0889405
0.0926038
0.10219
0.0826796
0.0966592
0.0999385
0.0863354
0.0931283
0.0892236
0.108296
0.101724
0.107738
0.0901377
0.0905743
0.0885899
0.0958156
0.0852899
0.0936999
0.108321
0.0974095
0.0940251
0.098742
0.0920823
0.0871636
0.0917829
0.10796
0.0983745
0.0875287
0.0918556
0.0929349
0.0922321
0.0983897
0.0937897
0.0889879
0.105009
0.0928722
0.0961551
0.0940736
0.0873751
0.0904201
0.0854887
0.0947561
0.0977324
0.0903677
0.0985031
0.0923493
0.0911145
0.102737
0.0874349
0.0923325
0.093128
0.09034
0.0900494
0.0997086
0.0786062
0.101364
0.10621
0.0889641
0.0923037
0.101456
0.0964027
0.0927453
0.0907737
0.0852275
0.103007
0.0914246
0.0928533
0.0968413
0.0879563
0.0894617
0.097236
0.110138
0.0896678
0.103769
0.0898125
0.0936693
0.0944945
0.0860887
0.0863027
0.0937323
0.0907287
0.0916902
0.0959391
0.0866866
0.101368
0.091098
0.094838
0.0929016
0.0882495
0.0892354
0.094199
0.0824783
0.0876302
0.0900177
0.101224
0.0947079
0.0973614
0.0887906
0.105871
0.0914234
0.0942292
0.0911248
0.0976352
0.0940771
0.0928221
0.088683
0.0896639
0.095482
0.09274
0.097177
0.0973397
0.0959026
0.0940282
0.0861093
0.0868214
0.087246
0.0929625
0.106731
0.0961317
0.101335
0.0924255
0.0967641
0.0942002
0.102137
0.0938898
0.0997989
0.0965659
0.0832401
0.098467
0.0930661
0.100849
0.0833416
0.0832817
0.0986121
0.106445
0.094516
0.0832724
0.103087
0.0933674
0.0917358
0.0959742
0.0920702
0.103734
0.0880241
0.0905186
0.083778
0.101111
0.0933402
0.095412
0.0992604
0.0955345
0.0983499
0.0887967
0.0788226
0.0952373
0.0947274
0.0892892
0.104085
0.0976414
0.0990957
0.088666
0.0984644
0.0860048
0.098269
0.0951025
0.108068
0.0915226
0.0855271
0.105103
0.093892
0.0972549
0.094567
0.103907
0.100534
0.0864498
0.0901921
0.0958754
0.0946916
0.0954324
0.103634
0.0970908
0.0949237
0.0912798
0.0888394
0.0991681
0.0993472
0.0953277
0.0937787
0.083363
0.0934524
0.0874031
0.082854
0.0933192
0.0911434
0.0899508
0.0926537
0.0914764
0.096761
0.0894527
0.0969521
0.102803
0.107433
0.101745
0.0895479
0.0889991
0.109386
0.0996783
0.0949501
0.089898
0.0943502
0.0917786
0.0903398
0.0806917
0.0961218
0.0990938
0.0873203
0.0861176
0.0918346
0.0916612
0.0924885
0.0900459
0.0892219
0.102993
0.0963954
0.0973085
0.116252
0.102148
0.0853323
0.0905781
0.102654
0.103933
0.095735
0.0916597
0.0962222
0.0951213
0.0886985
0.0966179
0.0992051
0.103008
0.0861861
0.0918195
0.0953167
0.0836015
0.0936268
0.0937216
0.0916627
0.087467
0.107733
0.0898877
0.0880152
0.101941
0.092507
0.0987864
0.0898941
0.0882423
0.099813
0.0957147
0.0958995
0.0950993
0.0972722
0.101775
0.0827776
0.105933
0.0915492
0.0915961
0.0947926
0.0898165
0.0940827
0.100307
0.104532
0.085058
0.0996066
0.089296
0.094961
0.091883
0.103664
0.0856918
0.100667
0.0898865
0.0991828
0.0964835
0.0884068
0.0876612
0.0901704
0.108178
0.0877968
0.0922033
0.0836063
0.0927551
0.0898511
0.0849692
0.10467
0.108218
0.0926323
0.0878177
0.0875722
0.0954593
0.103049
0.0984105
0.0845458
0.0945948
0.0945159
0.0937149
0.0974767
0.0978689
0.0927531
0.0789743
0.0878632
0.0956737
0.0873979
0.0938968
0.0918339
0.0866593
0.0825535
0.0953115
0.096936
0.0891689
0.0921348
0.0977035
0.0922333
0.0936185
0.118479
0.102628
0.0873668
0.08198
0.0864251
0.0915327
0.0969859
0.0947595
0.0892742
0.0882381
0.0969482
0.0942099
0.0959189
0.0883905
0.0971529
0.0837268
0.0867078
0.0880577
0.0902412
0.0911494
0.0927128
0.085703
0.095217
0.0806903
0.0845937
0.0831009
0.0930349
0.0925876
0.0894642
0.0982333
0.118275
0.100668
0.0911153
0.0891583
0.0913039
0.0868993
0.121935
0.0907765
0.0970764
0.0911705
0.0950802
0.097645
0.0827105
0.0858723
0.0939923
0.083987
0.0904282
0.0944324
0.0867741
0.0849778
0.0866799
0.0897787
0.087541
0.0935642
0.100099
0.104748
0.0866391
0.0965684
0.0903453
0.0897771
0.118708
0.0861822
0.105214
0.0882375
0.0922759
0.0935213
0.0918558
0.0902542
0.105776
0.103694
0.10045
0.0922108
0.0852788
0.0909065
0.0934423
0.106847
0.0963258
0.0928693
0.0900086
0.106502
0.0885336
0.093458
0.0894932
0.10007
0.0883648
0.0872511
0.0993254
0.0879404
0.0979191
0.093333
0.0851148
0.106864
0.0863661
0.0969211
0.0943041
0.0924939
0.0998571
0.0864063
0.0854091
0.0843955
0.103505
0.100597
0.0988448
0.098084
0.0818634
0.0860201
0.0951151
0.0861621
0.085032
0.0831394
0.0833503
0.0913061
0.0843125
0.0861823
0.0904049
0.0926155
0.104892
0.0947009
0.0976115
0.10615
0.0852867
0.0818005
0.102964
0.0946417
0.0877969
0.0999803
0.0936855
0.089346
0.0839917
0.0819541
0.0945864
0.0995988
0.105389
0.0868256
0.0949308
0.0918402
0.0903772
0.0839878
0.0970876
0.100725
0.0852822
0.0936366
0.0886445
0.0945612
0.0864618
0.0944224
0.0975731
0.0812773
0.0892619
0.0954986
0.0934225
0.100425
0.0846571
0.0889952
0.0874073
0.0987475
0.0867799
0.0877222
0.098914
0.0917467
0.0878233
0.0853243
0.0988337
0.0976333
0.08959
0.087299
0.101885
0.0977419
0.0964114
0.10231
0.087539
0.0872051
0.111144
0.0935722
0.105095
0.102012
0.0948878
0.0874252
0.0968985
0.0941574
0.0769963
0.0922004
0.0929567
0.0946098
0.0923241
0.0865031
0.0960065
0.0869261
0.093477
0.104586
0.0924603
0.091684
0.0935484
0.0940845
0.0848773
0.103172
0.0869128
0.0921124
0.0943709
0.0880292
0.0895724
0.0887295
0.0975627
0.0913244
0.0859016
0.0938144
0.0859375
0.0862658
0.0861707
0.089596
0.0848853
0.0930669
0.0986873
0.093034
0.0957223
0.086422
0.0954419
0.0852603
0.0941867
0.0890003
0.0874608
0.0860889
0.0906555
0.0950596
0.090862
0.0923035
0.0995354
0.0951931
0.0863988
0.0970307
0.0915759
0.0950124
0.0904852
0.0937667
0.0967221
0.0942387
0.0942672
0.0879796
0.0848415
0.0861521
0.0975759
0.0896893
0.0968141
0.0947528
0.0932171
0.0908859
0.095705
0.0986723
0.0944517
0.098638
0.087655
0.094139
0.0921234
0.0901248
0.0837971
0.0917897
0.0966802
0.0861071
0.0904298
0.0877028
0.0987045
0.0975948
0.0972019
0.0933634
0.0923694
0.0978203
0.0944076
0.0953802
0.0859791
0.101727
0.0901114
0.0980257
0.0963829
0.0911669
0.100959
0.0886866
0.0915762
0.0912029
0.0874302
0.082407
0.0964725
0.0904456
0.0888215
0.0897972
0.101531
0.0934053
0.0864165
0.100822
0.0882735
0.0901578
0.0838772
0.0978854
0.0979758
0.0901515
0.0960737
0.0993462
0.0856256
0.0849726
0.0948776
0.0970925
0.0963735
0.0912535
0.111904
0.0931992
0.0910059
0.0910839
0.0917572
0.0999741
0.0881652
0.0977126
0.0954332
0.0905087
0.0950843
0.0818438
0.0876696
0.0896878
0.086661
0.0939572
0.088818
0.0965146
0.0884405
0.0888083
0.0949525
0.0891908
0.103763
0.0893292
0.088384
0.0982711
0.103284
0.0942925
0.087421
0.0829895
0.0975565
0.0843635
0.091927
0.0915314
0.0914214
0.0904877
0.0905347
0.0843301
0.0894316
0.0876365
0.0966623
0.0836912
0.0913327
0.108828
0.09033
0.0899647
0.0944262
0.0941494
0.0987801
0.0935148
0.0929261
0.0879926
0.0861752
0.0933864
0.0807123
0.0864398
0.0941587
0.0848413
0.096214
0.0968343
0.111499
0.0970687
0.100074
0.0823178
0.0937531
0.0823796
0.100735
0.0924609
0.100405
0.0914482
0.0868872
0.0971921
0.0972902
0.0985747
0.0980505
0.0865864
0.0998875
0.0893956
0.0897906
0.097848
0.0931323
0.0910795
0.0877717
0.0980221
0.0981226
0.0966301
0.0955202
0.092655
0.0895786
0.0875831
0.0926967
0.094451
0.0984355
0.0897167
0.0960386
0.0900821
0.0910138
0.105277
0.100781
0.0929304
0.0850134
0.095076
0.0862313
0.0865496
0.0878341
0.0914085
0.092936
0.0868822
0.0880502
0.0938372
0.0923681
0.0939384
0.0964454
0.0904914
0.0909945
0.0977261
0.0934724
0.0997593
0.0986603
0.0998173
0.0847234
0.0776612
0.0845774
0.0893149
0.0962984
0.0947517
0.0912391
0.102353
0.0965691
0.0864413
0.0841469
0.0950953
0.0946415
0.0897553
0.0872806
0.0870112
0.0840903
0.0880152
0.0825967
0.0877107
0.0917216
0.0855603
0.10061
0.0975346
0.0977499
0.100936
0.0868482
0.100608
0.0833161
0.0894031
0.0932433
0.0932597
0.0896566
0.106139
0.0980239
0.0902116
0.0885748
0.0894548
0.0850906
0.0900159
0.0861742
0.0947589
0.0922902
0.0910572
0.0823316
0.089015
0.090725
0.0966768
0.0922381
0.0897496
0.0911324
0.099397
0.0937062
0.0901635
0.0846886
0.0884027
0.0959883
0.0879693
0.0894376
0.099539
0.0993847
0.0929723
0.0840285
0.0867361
0.0986427
0.0949835
0.1001
0.0843741
0.0923718
0.090135
0.0857103
0.0860666
0.0856849
0.0863403
0.0844892
0.0947448
0.101615
0.0812358
0.0861198
0.0856747
0.0877653
0.0945732
0.0879621
0.0898804
0.095214
0.0960261
0.0981616
0.0998977
0.0906033
0.0924745
0.0943319
0.0885546
0.0853097
0.102055
0.0913672
0.0779244
0.0922262
0.0884543
0.0968308
0.113025
0.0874472
0.0832276
0.10131
0.0908702
0.0919458
0.0925222
0.0886026
0.0868107
0.0901435
0.083439
0.0925204
0.0983522
0.0890669
0.0851162
0.0932608
0.0803447
0.0986612
0.0895468
0.092825
0.103816
0.0929524
0.0926555
0.0905819
0.0845663
0.0897785
0.0824848
0.0972565
0.084912
0.0881991
0.0909157
0.0946727
0.0952745
0.0960135
0.0971943
0.0946284
0.0984314
0.0854981
0.0857632
0.0903015
0.0914322
0.0876843
0.101717
0.0893315
0.0897259
0.0937458
0.0825171
0.0936772
0.0885759
0.0877814
0.0903903
0.083268
0.0779696
0.0830952
0.0984268
0.0838671
0.0920171
0.0916498
0.0911622
0.104234
0.0875016
0.0903552
0.094455
0.0937853
0.0859731
0.0966842
0.0820461
0.100924
0.0850884
0.0871813
0.0903981
0.0872835
0.096779
0.0994085
0.0907968
0.0863732
0.103018
0.0836869
0.0953225
0.0965795
0.0824737
0.0901816
0.0981256
0.0917679
0.0949649
0.0845976
0.0864288
0.0862267
0.0861566
0.09165
0.102563
0.0826936
0.0950684
0.100404
0.0876939
0.0874634
0.0920956
0.0868738
0.0932875
0.0930944
