5.72529e-17
2.38473e-07
0.0561979
0.00208922
0.00102383
0.000214332
5.4545e-05
1.92685e-05
0.000257765
4.29317e-05
0.000132517
0.000112572
7.41892e-06
0.000289523
8.82964e-06
0.000897103
2.03645e-05
0.00041472
6.97271e-06
3.82257e-05
1.51614e-06
0.00013725
0.000100646
0.00908496
0.000148621
2.03465e-06
2.20643e-05
6.95113e-05
3.99888e-06
4.03352e-06
0.000374986
8.72529e-06
4.35983e-06
0.000240598
7.86265e-07
9.37193e-06
8.14665e-06
1.58447e-06
2.7961e-05
3.382e-05
3.7458e-06
1.29103e-06
3.6535e-05
2.53347e-06
0.000143758
0.171827
2.29444e-06
2.2204e-05
1.96143e-06
4.31299e-06
8.60609e-06
1.59363e-05
9.4364e-07
2.0037e-05
6.26964e-07
7.09492e-07
2.72793e-06
7.03654e-06
4.91404e-06
1.35801e-06
1.15067e-05
2.66586e-05
4.79203e-06
2.23992e-06
5.8252e-06
1.11128e-06
8.74868e-07
2.06257e-06
8.85477e-06
2.51133e-06
4.95886e-07
1.30927e-06
2.09021e-05
1.11512e-05
7.08314e-06
4.17612e-06
8.4224e-06
6.25969e-06
0.000405876
1.33645e-05
2.74697e-07
0.00714153
1.68844e-06
1.54465e-06
8.43145e-07
5.8694e-07
4.59437e-07
5.47322e-05
7.91208e-06
8.59797e-07
3.14429e-06
2.00153e-06
4.00748e-05
2.54778e-06
0.000264383
2.97485e-06
6.47019e-08
4.68675e-07
4.27309e-07
7.43566e-07
