0
-1.30335e-16
-1.61954e-14
2.18285e-14
6.35603e-15
-1.66707e-14
1.91991e-15
-9.55052e-15
-7.63192e-15
-3.09128e-15
1.36854e-14
-1.36891e-14
-2.04775e-14
3.33067e-15
5.01682e-15
-8.0322e-15
1.35655e-14
1.06512e-15
1.80767e-14
-9.41608e-15
4.77027e-15
-4.23012e-15
3.87711e-15
-2.87279e-14
9.66296e-15
-1.32411e-14
-2.59168e-14
2.65933e-15
3.73833e-15
1.22033e-14
7.55125e-15
-5.82249e-15
-1.02457e-15
-2.48109e-15
5.67602e-15
-7.38298e-15
4.55365e-15
-7.64319e-15
-8.35486e-15
1.65354e-14
2.68535e-15
1.43635e-15
5.35189e-15
9.57134e-16
-4.85029e-15
-3.83981e-15
-5.01769e-16
-1.34751e-14
1.34771e-14
2.92127e-15
-2.21557e-14
-2.32149e-14
-1.47238e-14
-5.80612e-15
-2.30892e-15
7.19043e-15
5.7879e-15
-1.98626e-15
-1.38798e-14
-3.52236e-15
-6.17258e-15
1.96336e-14
