4879.09
4827.17
4729.63
4597.61
4445.9
4289.59
4138.29
3997.3
3869.41
3754.63
3648.43
3546.51
3445.29
3340.75
3231.3
3115.52
2994.66
2870.93
2747.79
2629.05
2519.53
2422.14
2339.38
2272.38
2219.81
2179.8
2150.74
2128.21
2111.59
2098.3
2087.29
2079.04
2072.48
2066.93
2063.98
2065.19
2070.35
2080.92
2099.41
2123.72
2151.78
2183.93
2217.91
2250.65
2281.02
2307.54
2330.71
2348.59
2357.44
2363.36
2368.71
2375.05
2383.37
2393.5
2407.05
2422.5
2434.03
2441.36
2442.69
2439.14
2434.17
2429.38
2426.96
2429.39
2437.54
2451.38
2470.09
2493.15
2516.3
2535.73
2548.65
2551.41
2544.64
2528.4
2502.77
2467.56
2425.17
2380.56
2336.83
2299.2
2269.34
2248.84
2239.1
2236.2
2241.76
2254.68
2273.55
2296.79
2320.61
2342.55
2360.5
2373.43
2380.6
2380.79
2374.52
2363.26
2347.48
2329.27
2310.3
2293.07
2279.34
2266.77
2256.06
2247.46
2240.4
2233.94
2225.25
2215.62
2204.51
2190.82
2174.33
2154.91
2131.22
2104.77
2076.12
2048.2
2022.44
1999.55
1980.18
1965.48
1955.9
1951.94
1953.48
1960.63
1971.99
1986.88
2005.09
2024.93
2046.69
2069.43
2092.21
2115.44
2139.27
2164.12
2189.11
2214.16
2239.32
2264.92
2291.16
2317.62
2342.86
2364.91
2383.68
2398.45
2408.6
2414.69
2415.58
2412.01
2404.52
2393.68
2381.16
2366.41
2350.06
2333.27
2316.77
2300.5
2285.5
2271.26
2256.73
2241.44
2226.03
2209.4
2191.74
2172.76
2153.21
2133.37
2114.27
2097.22
2082.29
2069.81
2061.63
2057.67
2056.79
2059.15
2064.34
2071.15
2078.49
2085.16
2091.06
2095.89
2098.83
2099.84
2098.91
2095.67
2090.07
2083.43
2076.35
2069.03
2061.7
2054.83
2048.61
2043.78
2040.94
2039.52
2039.3
2041.16
2043.82
2046.94
2051.28
2056.58
2061.86
2066.76
2070.93
2074.41
2077.25
2079.08
2080
2079.4
2077.72
2074.5
2070.26
2065.44
2060.37
2054.68
2048.06
2041.33
2035.43
2030.85
2028.12
2026.36
2025.25
2025.21
2026.38
2028.34
2031.11
2034.74
2039.33
2044.93
2051.38
2058.92
2067.22
2075.83
2084.89
2093.77
2102.15
2109.61
2115.83
2120.64
2123.84
2125.71
2126.04
2124.96
2122.84
2120.26
2117.86
2115.78
2113.97
2112.41
2111.53
2111.6
2112.32
2114.14
2116.74
2119.9
2123.33
2126.2
2127.76
2128.14
2126.99
2124.31
2119.76
2113.42
2105.47
2095.88
2085.02
2073.33
2061.24
2049.56
2038.32
2028.42
2020.47
2013.93
2008.82
2004.96
2002.51
2001.06
1999.79
1998.74
1997.1
1994.66
1990.88
1986.15
1980.18
1972.65
1963.83
1954.09
1943.82
1932.79
1921.52
1910.59
1900.57
1892.06
1885.35
1879.92
1876.44
1874.82
1875.19
1877.21
1880.77
1886.02
1892.13
1898.85
1905.7
1912.49
1919.35
1926.18
1932.45
1937.81
1942.12
1945.57
1947.9
1948.97
1948.92
1948.03
1946.24
1943.63
1941.07
1938.9
1937.29
1936.25
1935.94
1936.72
1938.64
1941.43
1944.84
1948.8
1953.25
1957.64
1962.09
1966.36
1970.11
1972.92
1974.91
1976.11
1976.24
1975.45
1973.55
1970.63
1966.5
1961.38
1955.36
1948.64
1941.89
1935.33
1928.81
1922.62
1917.25
1912.56
1908.72
1905.68
1903.41
1902.04
1901.14
1900.43
1899.96
1899.69
1899.35
1898.69
1897.49
1895.56
1892.54
1888.11
1882.39
1875.65
1868.05
1859.77
1851.06
1842.5
1834.52
1827.19
1820.77
1815.37
1811.27
1808.72
1807.7
1807.98
1809.41
1811.47
1814.45
1817.65
1821.01
1824.3
1827.23
1829.78
1831.81
1832.95
1833.19
1832.49
1831.08
1828.79
1825.46
1821.2
1816.1
1810.81
1805.74
1801.08
1797.33
1794.71
1793.45
1793.48
1794.48
1796.13
1798.76
1802.26
1806.35
1811.04
1816.07
1821.51
1827.16
1832.71
1837.73
1842.55
1847.06
1851.24
1855.22
1858.92
1862.09
1864.61
1866.55
1868
1868.91
1869.11
1868.57
1867.53
1866.14
1864.13
1861.52
1858.22
1854.04
1848.95
1843.06
1836.47
1829.34
1821.62
1813.53
1805
1796.26
1786.98
1777.46
1767.83
1757.87
1747.63
1737.2
1726.65
1716.07
1705.6
1695.48
1685.76
1676.51
1668.04
1660.35
1653.45
1647.44
1642.83
1639.81
1638.25
1638.25
1639.74
1642.78
1647.28
1653.15
1660.12
1668.13
1676.69
1685.59
1694.82
1704.24
1713.6
1722.82
1731.66
1740.24
1748.5
1756.33
1763.9
1770.94
1777.43
1783.42
1788.86
1793.77
1798.24
1802.12
1805.33
1808.01
1810.1
1811.42
1812.1
1812.04
1811.17
1809.53
1807.21
1804.11
1800.35
1795.87
1790.81
1785.27
1779.3
1773.01
1766.45
1759.58
1752.74
1746.83
1740.93
1735.3
1729.89
1724.87
1720.27
1716.25
1712.75
1709.72
1707.37
1705.56
1704.09
1703.01
1702.06
1701.14
1700.22
1699.12
1697.79
1696.29
1694.32
1691.94
1689.05
1685.69
1681.98
1677.95
1673.78
1669.51
1665.21
1661.07
1657.17
1653.55
1650.11
1647.08
1644.44
1642.09
1639.88
1637.89
1636.1
1634.48
1632.93
1631.19
1629.26
1626.98
1624.45
1621.67
1618.63
1615.4
1612.2
1609.09
1606.01
1602.9
1599.87
1597.04
1594.27
1591.76
1589.44
1587.3
1585.25
1583.26
1581.44
1579.61
1577.94
1576.43
1575.2
1574.39
1574.01
1574.15
1574.77
1575.96
1577.66
1580.07
1583.02
1586.41
1590.3
1594.59
1599.21
1604.1
1609.08
1614.05
1619.02
1623.69
1627.88
1631.71
1635.17
1638.06
1640.38
1641.94
1642.58
1642.47
1641.66
1640.25
1638.33
1635.99
1633.14
1630
1626.9
1623.76
1620.71
1617.93
1615.24
1612.76
1610.22
1607.52
1604.75
1601.97
1599.27
1596.56
1593.88
1591.35
1588.99
1586.95
1585.04
1583.31
1581.73
1580.32
1578.96
1577.66
1576.61
1575.75
1575.16
1574.81
1574.69
1574.89
1575.39
1576.16
1577.18
1578.42
1579.89
1581.52
1583.25
1585.16
1587.11
1588.97
1590.77
1592.49
1594.09
1595.71
1597.3
1598.74
1599.98
1600.97
1601.76
1602.38
1602.77
1602.8
1602.41
1601.61
1600.42
1598.86
1596.88
1594.35
1591.37
1587.95
1584.07
1579.85
1575.37
1570.67
1565.68
1560.59
1555.24
1549.69
1544.16
1538.63
1533.19
1527.93
1522.98
1518.35
1514.34
1510.91
1508.12
1505.95
1504.46
1503.56
1503.28
1503.55
1504.32
1505.55
1507.05
1508.77
1510.59
1512.51
1514.4
1516.15
1517.86
1519.5
1520.99
1522.5
1524.1
1525.85
1527.76
1529.85
1532.17
1534.76
1537.65
1540.82
1544.12
1547.57
1551.1
1554.56
1557.87
1560.6
1562.93
1564.82
1566.33
1567.41
1567.96
1567.99
1567.53
1566.53
1565.08
1563.14
1560.71
1557.86
1554.63
1551.11
1547.36
1543.44
1539.42
1535.29
1531.09
1526.88
1522.79
1518.7
1514.57
1510.46
1506.35
1502.21
1498
1493.71
1489.49
1485.19
1480.92
1476.77
1472.63
1468.71
1464.88
1461.21
1457.72
1454.52
1451.56
1449.01
1446.9
1445.1
1443.57
1442.32
1441.27
1440.49
1439.98
1439.63
1439.33
1439.1
1438.84
1438.53
1438.28
1437.89
1437.41
1437
1436.62
1436.3
1436.12
1435.96
1435.78
1435.63
1435.54
1435.58
1435.65
1435.7
1435.68
1435.66
1435.63
1435.52
1435.34
1434.98
1434.44
1433.66
1432.58
1431.15
1429.33
1427.15
1424.6
1421.75
1418.71
1415.55
1412.33
1409.17
1406.22
1403.48
1401.01
1398.96
1397.3
1396.08
1395.2
1394.65
1394.39
1394.46
1394.78
1395.23
1395.76
1396.43
1397.25
1397.94
1398.59
1399.25
1399.94
1400.64
1401.46
1402.45
1403.62
1404.98
1406.53
1408.22
1410.14
1412.18
1414.31
1416.59
1419.04
1421.59
1424.16
1426.72
1429.2
1431.57
1433.67
1435.51
1437.09
1438.39
1439.34
1439.92
1440.14
1440.11
1439.82
1439.21
1438.44
1437.51
1436.51
1435.43
1434.36
1433.33
1432.37
1431.52
1430.78
1430.09
1429.51
1429.1
1428.75
1428.48
1428.27
1428.11
1427.93
1427.62
1427.26
1426.9
1426.49
1426
1425.48
1424.98
1424.45
1423.96
1423.55
1423.2
1422.9
1422.76
1422.81
1423.05
1423.55
1424.23
1425.04
1425.93
1427
1428.22
1429.53
1430.83
1432.1
1433.32
1434.49
1435.55
1436.39
1437.06
1437.52
1437.7
1437.64
1437.36
1436.83
1436.01
1434.9
1433.48
1431.85
1429.95
1427.84
1425.46
1422.85
1420.02
1416.98
1413.79
1410.44
1406.99
1403.39
1399.7
1395.9
1392.02
1388.07
1384.42
1380.66
1376.79
1372.8
1368.68
1364.36
1359.92
1355.31
1350.58
1345.81
1340.97
1336.09
1331.22
1326.41
1321.72
1317.1
1312.61
1308.35
1304.34
1300.56
1297.08
1293.87
1290.91
1288.23
1285.82
1283.73
1281.95
1280.46
1279.17
1278.05
1277.05
1276.29
1275.68
1275.25
1275.02
1274.92
1274.97
1275.16
1275.43
1275.74
1276.08
1276.48
1276.94
1277.42
1277.9
1278.36
1278.79
1279.28
1279.79
1280.24
1280.62
1280.9
1281.16
1281.5
1281.94
1282.5
1283.13
1283.92
1284.84
1285.88
1287.02
1288.29
1289.67
1291.09
1292.59
1294.14
1295.76
1297.41
1299.03
1300.52
1301.81
1302.94
1303.9
1304.65
1305.19
1305.48
1305.48
1305.19
1304.66
1303.92
1303
1301.92
1300.66
1299.34
1298.01
1296.64
1295.25
1293.84
1292.51
1291.24
1290.05
1288.97
1288.02
1287.24
1286.66
1286.26
1285.92
1285.71
1285.62
1285.62
1285.67
1285.72
1285.77
1285.79
1285.79
1285.78
1285.75
1285.71
1285.7
1285.69
1285.63
1285.53
1285.41
1285.28
1285.14
1284.97
1284.74
1284.44
1284.15
1283.81
1283.51
1283.22
1282.95
1282.71
1282.51
1282.33
1282.15
1282
1281.88
1281.75
1281.63
1281.48
1281.33
1281.12
1280.84
1280.52
1280.11
1279.62
1279.05
1278.39
1277.57
1276.64
1275.6
1274.46
1273.21
1271.87
1270.47
1269.01
1267.49
1265.91
1264.27
1262.58
1260.87
1259.13
1257.37
1255.68
1254.01
1252.36
1250.68
1248.93
1247.12
1245.27
1243.37
1241.43
1239.36
1237.17
1234.95
1232.68
1230.35
1227.95
1225.53
1223.07
1220.6
1218.13
1215.65
1213.17
1210.73
1208.36
1206.04
1203.8
1201.67
1199.69
1197.79
1195.94
1194.15
1192.4
1190.71
1189.04
1187.42
1185.86
1184.41
1183.03
1181.74
1180.51
1179.3
1178.18
1177.09
1176.04
1175.02
1174.04
1173.16
1172.23
1171.27
1170.29
1169.3
1168.26
1167.2
1166.12
1165.06
1164.03
1163.01
1162
1161.07
1160.21
1159.4
1158.69
1158.09
1157.59
1157.2
1156.93
1156.76
1156.7
1156.72
1156.86
1157.09
1157.41
1157.71
1158.03
1158.34
1158.64
1158.91
1159.14
1159.33
1159.5
1159.62
1159.7
1159.78
1159.87
1159.98
1160.11
1160.24
1160.39
1160.56
1160.76
1160.98
1161.24
1161.54
1161.86
1162.21
1162.58
1163
1163.44
1163.92
1164.44
1165.03
1165.73
1166.49
1167.31
1168.17
1169.08
1170.03
1171.03
1172.1
1173.24
1174.4
1175.54
1176.71
1177.88
1178.99
1180.05
1181.05
1181.93
1182.72
1183.47
1184.1
1184.61
1185.03
1185.38
1185.7
1186
1186.3
1186.61
1186.93
1187.29
1187.64
1188.03
1188.45
1188.97
1189.59
1190.28
1191.04
1191.87
1192.74
1193.71
1194.77
1195.91
1197.14
1198.43
1199.78
1201.19
1202.49
1203.82
1205.16
1206.48
1207.78
1209.04
1210.25
1211.4
1212.46
1213.42
1214.29
1215.08
1215.74
1216.27
1216.66
1216.9
1216.98
1216.93
1216.75
1216.43
1215.98
1215.44
1214.82
1214.1
1213.34
1212.54
1211.75
1210.96
1210.14
1209.29
1208.44
1207.59
1206.75
1205.9
1205.01
1204.04
1203.02
1201.93
1200.75
1199.5
1198.13
1196.67
1195.09
1193.42
1191.69
1189.88
1188.02
1186.11
1184.17
1182.18
1180.12
1178.03
1175.89
1173.73
1171.57
1169.39
1167.18
1164.98
1162.79
1160.6
1158.44
1156.33
1154.3
1152.31
1150.4
1148.61
1146.93
1145.33
1143.85
1142.47
1141.21
1140.06
1139.01
1138.07
1137.24
1136.53
1135.92
1135.41
1135
1134.68
1134.4
1134.17
1134
1133.81
1133.65
1133.52
1133.37
1133.18
1132.96
1132.71
1132.43
1132.13
1131.8
1131.45
1131.08
1130.69
1130.31
1129.89
1129.45
1129.04
1128.68
1128.3
1127.91
1127.53
1127.14
1126.73
1126.34
1125.94
1125.55
1125.16
1124.79
1124.42
1124.07
1123.75
1123.47
1123.19
1122.94
1122.71
1122.49
1122.3
1122.14
1121.98
1121.84
1121.65
1121.43
1121.18
1120.88
1120.55
1120.18
1119.76
1119.29
1118.75
1118.13
1117.42
1116.62
1115.72
1114.72
1113.63
1112.42
1111.1
1109.63
1108.03
1106.32
1104.5
1102.55
1100.53
1098.42
1096.23
1093.99
1091.71
1089.4
1087.03
1084.64
1082.27
1079.93
1077.64
1075.42
1073.27
1071.19
1069.17
1067.2
1065.31
1063.51
1061.78
1060.19
1058.72
1057.38
1056.16
1055.06
1054.07
1053.2
1052.45
1051.83
1051.33
1050.97
1050.71
1050.53
1050.45
1050.48
1050.58
1050.72
1050.94
1051.21
1051.54
1051.91
1052.29
1052.7
1053.1
1053.47
1053.82
1054.12
1054.37
1054.57
1054.7
1054.77
1054.78
1054.75
1054.65
1054.5
1054.29
1054.05
1053.73
1053.35
1052.89
1052.38
1051.81
1051.22
1050.6
1049.99
1049.35
1048.72
1048.08
1047.43
1046.8
1046.18
1045.55
1044.93
1044.31
1043.71
1043.12
1042.54
1041.95
1041.38
1040.81
1040.27
1039.74
1039.22
1038.67
1038.13
1037.59
1037.05
1036.51
1035.96
1035.39
1034.83
1034.23
1033.61
1032.95
1032.23
1031.46
1030.65
1029.8
1028.91
1028
1027.07
1026.11
1025.14
1024.15
1023.16
1022.18
1021.19
1020.22
1019.27
1018.38
1017.49
1016.65
1015.86
1015.13
1014.45
1013.84
1013.31
1012.84
1012.45
1012.15
1011.95
1011.85
1011.83
1011.91
1012.08
1012.32
1012.65
1013.04
1013.49
1014.02
1014.62
1015.28
1016
1016.76
1017.53
1018.34
1019.16
1019.96
1020.74
1021.49
1022.2
1022.85
1023.45
1023.99
1024.47
1024.89
1025.27
1025.57
1025.82
1025.99
1026.11
1026.17
1026.14
1026.05
1025.86
1025.58
1025.25
1024.84
1024.33
1023.79
1023.19
1022.54
1021.86
1021.14
1020.39
1019.61
1018.84
1018.08
1017.3
1016.52
1015.76
1015.03
1014.35
1013.68
1013.06
1012.47
1011.94
1011.47
1011.06
1010.71
1010.42
1010.19
1010.01
1009.87
1009.76
1009.66
1009.56
1009.49
1009.42
1009.36
1009.31
1009.28
1009.21
1009.12
1009
1008.82
1008.62
1008.39
1008.13
1007.84
1007.51
1007.14
1006.71
1006.22
1005.66
1005.07
1004.43
1003.75
1003
1002.2
1001.36
1000.46
999.508
998.505
997.467
996.392
995.295
994.202
993.11
992.038
990.966
989.9
988.847
987.844
986.875
985.932
985.032
984.19
983.402
982.688
982.048
981.474
980.977
980.552
980.208
979.926
979.697
979.514
979.382
979.294
979.246
979.221
979.217
979.215
979.2
979.182
979.174
979.175
979.161
979.095
979.002
978.853
978.656
978.42
978.14
977.794
977.427
977.014
976.552
976.037
975.478
974.876
974.237
973.553
972.825
972.068
971.277
970.481
969.69
968.858
968.013
967.157
966.307
965.489
964.698
963.927
963.18
962.458
961.765
961.109
960.49
959.902
959.355
958.859
958.419
958.039
957.719
957.464
957.262
957.099
956.974
956.877
956.808
956.781
956.764
956.756
956.753
956.73
956.688
956.617
956.506
956.356
956.191
955.996
955.758
955.489
955.194
954.88
954.531
954.143
953.732
953.292
952.831
952.353
951.855
951.353
950.85
950.349
949.85
949.367
948.909
948.468
948.039
947.653
947.303
946.982
946.679
946.417
946.184
945.99
945.848
945.715
945.611
945.547
945.519
945.535
945.579
945.658
945.801
945.989
946.204
946.45
946.71
946.988
947.28
947.573
947.873
948.186
948.504
948.815
949.108
949.379
949.632
949.864
950.064
950.235
950.353
950.408
950.406
950.351
950.233
950.076
949.857
949.58
949.255
948.883
948.464
947.995
947.467
946.899
946.292
945.642
944.955
944.229
943.462
942.658
941.824
940.963
940.082
939.184
938.271
937.339
936.389
935.411
934.417
933.424
932.416
931.383
930.337
929.284
928.207
927.126
926.042
924.959
923.877
922.773
921.67
920.554
919.427
918.302
917.186
916.072
914.969
913.862
912.741
911.61
910.477
909.333
908.192
907.062
905.937
904.811
903.673
902.56
901.44
900.317
899.19
898.064
896.947
895.842
894.741
893.635
892.5
891.368
890.251
889.152
888.073
887.002
885.95
884.921
883.908
882.918
881.956
881.02
880.113
879.24
878.371
877.525
876.706
875.917
875.177
874.483
873.808
873.155
872.526
871.914
871.328
870.769
870.243
869.754
869.297
868.859
868.43
867.992
867.559
867.125
866.735
866.332
865.912
865.485
865.053
864.609
864.165
863.715
863.253
862.781
862.289
861.793
861.293
860.788
860.261
859.731
859.195
858.654
858.102
857.536
856.974
856.403
855.826
855.251
854.686
854.126
853.548
852.963
852.371
851.774
851.171
850.551
849.927
849.304
848.674
848.037
847.386
846.738
846.101
845.472
844.85
844.242
843.643
843.052
842.485
841.945
841.422
840.917
840.424
839.942
839.475
839.024
838.592
838.179
837.791
837.415
837.054
836.715
836.4
836.113
835.86
835.63
835.424
835.235
835.069
834.93
834.817
834.73
834.676
834.651
834.649
834.669
834.7
834.735
834.791
834.868
834.965
835.094
835.251
835.436
835.646
835.88
836.15
836.452
836.766
837.112
837.491
837.891
838.306
838.732
839.166
839.614
840.078
840.539
840.99
841.436
841.899
842.37
842.838
843.286
843.668
844.031
844.385
844.726
845.052
845.359
845.666
845.948
846.216
846.47
846.709
846.947
847.175
847.398
847.626
847.856
848.097
848.337
848.564
848.794
849.036
849.276
849.526
849.765
850.003
850.229
850.454
850.678
850.896
851.12
851.339
851.554
851.76
851.954
852.127
852.275
852.399
852.505
852.594
852.666
852.717
852.752
852.765
852.76
852.736
852.684
852.604
852.493
852.356
852.196
852.023
851.821
851.596
851.353
851.075
850.782
850.472
850.135
849.78
849.389
848.969
848.523
848.048
847.544
847.018
846.471
845.9
845.31
844.72
844.108
843.468
842.793
842.1
841.377
840.631
839.86
839.067
838.255
837.426
836.581
835.716
834.846
833.967
833.084
832.198
831.316
830.429
829.553
828.693
827.844
827.012
826.192
825.389
824.603
823.842
823.096
822.374
821.682
821.009
820.355
819.769
819.175
818.579
817.981
817.379
816.776
816.164
815.559
814.949
814.321
813.672
813.021
812.364
811.705
811.042
810.364
809.681
808.987
808.29
807.596
806.896
806.189
805.481
804.779
804.075
803.371
802.666
801.965
801.259
800.565
799.869
799.18
798.501
797.824
797.154
796.491
795.831
795.176
794.533
793.891
793.253
792.63
792.024
791.43
790.848
790.27
789.703
789.15
788.61
788.077
787.548
787.023
786.501
785.988
785.488
785.006
784.538
784.062
783.593
783.131
782.673
782.227
781.786
781.356
780.923
780.49
780.067
779.648
779.242
778.856
778.479
778.108
777.741
777.382
777.025
776.672
776.316
775.961
775.614
775.269
774.926
774.586
774.247
773.902
773.562
773.226
772.898
772.571
772.25
771.944
771.646
771.356
771.079
770.814
770.56
770.316
770.088
769.874
769.665
769.47
769.303
769.13
768.962
768.799
768.638
768.48
768.33
768.179
768.027
767.873
767.71
767.546
767.381
767.216
767.042
766.862
766.666
766.452
766.228
765.997
765.756
765.509
765.251
764.987
764.709
764.421
764.114
763.794
763.456
763.104
762.739
762.362
761.964
761.554
761.123
760.677
760.223
759.762
759.293
758.81
758.31
757.802
757.285
756.763
756.242
755.715
755.177
754.636
754.095
753.555
753.019
752.492
751.982
751.481
750.994
750.525
750.066
749.626
749.21
748.812
748.426
748.064
747.726
747.406
747.105
746.823
746.57
746.348
746.145
745.972
745.818
745.689
745.579
745.486
745.408
745.344
745.292
745.26
745.237
745.23
745.229
745.236
745.268
745.309
745.366
745.434
745.509
745.588
745.672
745.752
745.834
745.915
745.966
746.01
746.044
746.063
746.074
746.068
746.052
746.025
745.988
745.94
745.879
745.797
745.693
745.574
745.439
745.287
745.113
744.925
744.725
744.503
744.263
744
743.716
743.411
743.087
742.745
742.385
742.021
741.646
741.262
740.868
740.46
740.045
739.623
739.19
738.752
738.314
737.872
737.428
736.987
736.541
736.096
735.648
735.2
734.764
734.34
733.925
733.519
733.117
732.721
732.333
731.956
731.594
731.237
730.891
730.557
730.238
729.934
729.64
729.357
729.084
728.817
728.557
728.293
728.025
727.753
727.47
727.181
726.89
726.601
726.316
726.03
725.739
725.439
725.128
724.815
724.504
724.189
723.87
723.547
723.215
722.881
722.556
722.23
721.892
721.556
721.214
720.876
720.542
720.204
719.866
719.532
719.193
718.863
718.53
718.203
717.881
717.564
717.251
716.943
716.642
716.347
716.059
715.777
715.502
715.233
714.975
714.725
714.502
714.276
714.05
713.814
713.573
713.325
713.074
712.822
712.566
712.302
712.037
711.769
711.498
711.225
710.948
710.666
710.38
710.089
709.789
709.485
709.176
708.863
708.545
708.223
707.893
707.555
707.208
706.862
706.521
706.181
705.838
705.492
705.149
704.806
704.463
704.12
703.778
703.435
703.096
702.755
702.42
702.09
701.768
701.455
701.141
700.836
700.531
700.233
699.943
699.662
699.393
699.131
698.873
698.624
698.379
698.142
697.914
697.684
697.463
697.243
697.027
696.815
696.6
696.387
696.178
695.968
695.757
695.549
695.348
695.143
694.944
694.749
694.554
694.368
694.185
694.005
693.832
693.654
693.477
693.301
693.123
692.921
692.714
692.508
692.3
692.097
691.895
691.695
691.494
691.286
691.077
690.866
690.655
690.446
690.235
690.018
689.802
689.589
689.374
689.155
688.952
688.745
688.527
688.295
688.058
687.811
687.552
687.288
687.014
686.731
686.436
686.126
685.808
685.484
685.148
684.805
684.453
684.102
683.747
683.386
683.019
682.645
682.269
681.89
681.512
681.135
680.757
680.375
679.994
679.614
679.237
678.862
678.49
678.12
677.758
677.4
677.052
676.709
676.376
676.05
675.729
675.416
675.106
674.808
674.518
674.234
673.96
673.695
673.43
673.172
672.927
672.692
672.463
672.242
672.023
671.817
671.609
671.41
671.214
671.024
670.838
670.654
670.477
670.307
670.142
669.98
669.814
669.647
669.48
669.319
669.164
669.012
668.862
668.714
668.563
668.411
668.261
668.115
667.969
667.82
667.657
667.492
667.328
667.159
666.99
666.821
666.655
666.486
666.32
666.146
665.976
665.808
665.64
665.478
665.315
665.153
664.993
664.837
664.677
664.518
664.374
664.233
664.088
663.942
663.796
663.646
663.496
663.347
663.198
663.05
662.901
662.75
662.6
662.447
662.293
662.136
661.983
661.834
661.686
661.541
661.398
661.255
661.114
660.974
660.833
660.695
660.56
660.425
660.295
660.164
660.038
659.917
659.8
659.682
659.57
659.458
659.348
659.242
659.143
659.047
658.955
658.867
658.778
658.696
658.621
658.544
658.463
658.383
658.304
658.221
658.139
658.048
657.948
657.841
657.728
657.607
657.488
657.368
657.244
657.113
656.975
656.832
656.684
656.532
656.364
656.19
656.007
655.816
655.613
655.4
655.185
654.959
654.723
654.477
654.222
653.958
653.689
653.407
653.117
652.819
652.508
652.188
651.863
651.531
651.193
650.848
650.5
650.15
649.788
649.422
649.051
648.677
648.298
647.914
647.524
647.133
646.737
646.333
645.925
645.515
645.14
644.758
644.371
643.981
643.583
643.179
642.772
642.361
641.943
641.52
641.082
640.639
640.186
639.726
639.256
638.78
638.297
637.808
637.318
636.825
636.328
635.826
635.318
634.811
634.3
633.785
633.27
632.752
632.229
631.705
631.18
630.656
630.134
629.609
629.081
628.555
628.027
627.499
626.975
626.452
625.929
625.408
624.892
624.38
623.871
623.365
622.861
622.36
621.865
621.375
620.892
620.419
619.948
619.481
619.02
618.564
618.11
617.663
617.22
616.785
616.354
615.924
615.495
615.072
614.649
614.23
613.811
613.392
612.976
612.564
612.15
611.743
611.338
610.929
610.52
610.11
609.703
609.298
608.893
608.488
608.084
607.682
607.279
606.883
606.489
606.097
605.71
605.326
604.94
604.556
604.176
603.799
603.422
603.049
602.675
602.303
601.935
601.563
601.193
600.825
600.495
600.167
599.839
599.512
599.185
598.86
598.532
598.206
597.881
597.559
597.237
596.919
596.601
596.282
595.969
595.658
595.347
595.04
594.738
594.439
594.141
593.847
593.555
593.261
592.968
592.678
592.389
592.105
591.823
591.542
591.261
590.982
590.704
590.428
590.154
589.883
589.617
589.352
589.089
588.834
588.581
588.332
588.091
587.854
587.624
587.402
587.185
586.974
586.77
586.572
586.381
586.196
586.023
585.855
585.699
585.551
585.407
585.275
585.152
585.044
584.942
584.857
584.78
584.714
584.658
584.612
584.58
584.557
584.547
584.545
584.555
584.575
584.604
584.636
584.678
584.728
584.786
584.849
584.922
585
585.084
585.167
585.253
585.344
585.433
585.527
585.622
585.719
585.817
585.919
586.019
586.119
586.215
586.308
586.394
586.478
586.554
586.625
586.691
586.751
586.803
586.849
586.885
586.913
586.932
586.941
586.941
586.935
586.919
586.891
586.856
586.811
586.758
586.698
586.629
586.548
586.461
586.365
586.259
586.146
586.023
585.895
585.755
585.604
585.45
585.287
585.112
584.93
584.744
584.551
584.347
584.138
583.924
583.703
583.481
583.252
583.019
582.782
582.539
582.294
582.046
581.796
581.546
581.293
581.039
580.785
580.531
580.274
580.014
579.753
579.496
579.243
578.987
578.736
578.486
578.239
577.992
577.746
577.503
577.263
577.026
576.787
576.555
576.325
576.1
575.875
575.656
575.442
575.236
575.034
574.836
574.642
574.454
574.272
574.096
573.923
573.756
573.595
573.442
573.295
573.155
573.02
572.892
572.769
572.654
572.541
572.44
572.343
572.252
572.169
572.091
572.018
571.951
571.89
571.833
571.779
571.727
571.681
571.639
571.6
571.566
571.53
571.497
571.464
571.429
571.39
571.348
571.305
571.256
571.206
571.151
571.092
571.029
570.965
570.897
570.828
570.753
570.672
570.589
570.502
570.407
570.305
570.199
570.087
569.968
569.844
569.713
569.578
569.437
569.292
569.14
568.98
568.816
568.65
568.48
568.305
568.129
567.949
567.767
567.581
567.396
567.21
567.02
566.831
566.637
566.443
566.247
566.051
565.851
565.653
565.453
565.251
565.048
564.847
564.649
564.45
564.252
564.057
563.864
563.673
563.485
563.297
563.113
562.933
562.755
562.579
562.403
562.23
562.066
561.906
561.748
561.591
561.436
561.287
561.139
560.994
560.848
560.707
560.568
560.431
560.297
560.163
560.028
559.896
559.763
559.632
559.499
559.365
559.231
559.095
558.955
558.814
558.673
558.53
558.388
558.245
558.097
557.951
557.802
557.647
557.506
557.358
557.207
557.05
556.886
556.717
556.543
556.364
556.18
555.992
555.801
555.605
555.403
555.198
554.989
554.775
554.558
554.338
554.114
553.887
553.655
553.42
553.182
552.939
552.695
552.443
552.192
551.936
551.677
551.419
551.159
550.896
550.626
550.356
550.083
549.802
549.52
549.233
548.947
548.656
548.362
548.065
547.766
547.461
547.153
546.844
546.53
546.213
545.892
545.566
545.239
544.907
544.571
544.233
543.887
543.539
543.184
542.825
542.46
542.095
541.725
541.352
540.975
540.594
540.211
539.825
539.435
539.041
538.645
538.244
537.84
537.431
537.018
536.603
536.187
535.768
535.349
534.929
534.508
534.085
533.662
533.236
532.81
532.383
531.958
531.528
531.098
530.669
530.241
529.814
529.386
528.958
528.532
528.106
527.683
527.261
526.841
526.423
526.008
525.599
525.226
524.854
524.482
524.11
523.738
523.366
522.995
522.621
522.25
521.88
521.51
521.142
520.775
520.41
520.047
519.685
519.325
518.968
518.613
518.261
517.912
517.566
517.22
516.878
516.538
516.2
515.864
515.53
515.198
514.868
514.542
514.216
513.894
513.577
513.26
512.946
512.633
512.323
512.018
511.715
511.416
511.12
510.829
510.54
510.256
509.975
509.699
509.428
509.162
508.898
508.639
508.383
508.133
507.887
507.645
507.408
507.177
506.95
506.729
506.511
506.3
506.095
505.893
505.698
505.506
505.321
505.141
504.963
504.791
504.622
504.457
504.296
504.138
503.987
503.84
503.695
503.558
503.421
503.289
503.16
503.034
502.911
502.789
502.669
502.552
502.438
502.325
502.213
502.105
501.996
501.891
501.787
501.682
501.579
501.477
501.375
501.273
501.17
501.067
500.965
500.873
500.778
500.681
500.582
500.482
500.382
500.276
500.171
500.063
499.953
499.839
499.722
499.602
499.48
499.354
499.228
499.099
498.968
498.836
498.704
498.569
498.435
498.299
498.165
498.028
497.894
497.756
497.621
497.485
497.351
497.217
497.083
496.951
496.819
496.689
496.56
496.432
496.307
496.183
496.062
495.941
495.823
495.708
495.596
495.487
495.379
495.273
495.168
495.065
494.965
494.871
494.784
494.699
494.62
494.544
494.472
494.405
494.341
494.281
494.225
494.175
494.129
494.088
494.049
494.015
493.984
493.954
493.93
493.907
493.886
493.87
493.857
493.85
493.843
493.843
493.846
493.853
493.861
493.87
493.88
493.893
493.908
493.927
493.949
493.974
493.999
494.028
494.057
494.09
494.122
494.156
494.188
494.222
494.255
494.287
494.319
494.349
494.378
494.406
494.434
494.456
494.468
494.478
494.487
494.496
494.504
494.51
494.516
494.521
494.523
494.528
494.528
494.527
494.527
494.526
494.524
494.521
494.516
494.513
494.509
494.503
494.497
494.491
494.485
494.476
494.466
494.455
494.445
494.43
494.416
494.403
494.387
494.373
494.356
494.34
494.323
494.306
494.289
494.268
494.249
494.228
494.208
494.186
494.164
494.138
494.113
494.084
494.056
494.024
493.994
493.96
493.925
493.887
493.849
493.808
493.763
493.717
493.669
493.619
493.568
493.516
493.461
493.406
493.348
493.284
493.221
493.157
493.088
493.019
492.948
492.874
492.798
492.719
492.639
492.556
492.471
492.383
492.293
492.2
492.107
492.009
491.908
491.804
491.699
491.593
491.481
491.367
491.249
491.133
491.01
490.886
490.758
490.627
490.495
490.36
490.223
490.083
489.941
489.798
489.652
489.521
489.389
489.253
489.113
488.973
488.83
488.687
488.541
488.394
488.242
488.089
487.935
487.779
487.623
487.466
487.306
487.144
486.981
486.814
486.647
486.479
486.311
486.142
485.971
485.799
485.626
485.449
485.273
485.096
484.919
484.739
484.561
484.381
484.203
484.022
483.844
483.664
483.485
483.305
483.124
482.944
482.761
482.581
482.398
482.217
482.037
481.857
481.678
481.5
481.323
481.145
480.967
480.791
480.616
480.441
480.267
480.094
479.923
479.752
479.583
479.412
479.245
479.076
478.909
478.744
478.577
478.414
478.251
478.088
477.929
477.771
477.613
477.458
477.306
477.154
477.001
476.849
476.697
476.545
476.396
476.247
476.1
475.953
475.807
475.664
475.52
475.378
475.238
475.1
474.962
474.827
474.691
474.559
474.426
474.295
474.165
474.036
473.91
473.775
473.639
473.517
473.393
473.269
473.147
473.022
472.898
472.772
472.646
472.52
472.394
472.265
472.138
472.01
471.88
471.749
471.617
471.482
471.345
471.209
471.071
470.931
470.789
470.646
470.5
470.354
470.205
470.054
469.902
469.748
469.591
469.432
469.272
469.109
468.944
468.777
468.609
468.438
468.263
468.086
467.906
467.723
467.537
467.349
467.157
466.963
466.766
466.568
466.367
466.163
465.957
465.749
465.536
465.322
465.105
464.885
464.664
464.439
464.212
463.984
463.752
463.518
463.282
463.043
462.801
462.558
462.312
462.063
461.814
461.561
461.309
461.054
460.798
460.54
460.282
460.022
459.761
459.499
459.237
458.974
458.71
458.447
458.182
457.916
457.65
457.385
457.119
456.853
456.586
456.32
456.055
455.787
455.522
455.257
454.993
454.73
454.466
454.203
453.94
453.678
453.416
453.182
452.948
452.715
452.481
452.248
452.013
451.779
451.545
451.311
451.076
450.842
450.61
450.378
450.146
449.914
449.68
449.449
449.216
448.983
448.751
448.517
448.283
448.049
447.817
447.584
447.351
447.118
446.887
446.657
446.427
446.198
445.969
445.742
445.513
445.284
445.056
444.829
444.599
444.371
444.141
443.912
443.683
443.454
443.224
442.996
442.768
442.541
442.316
442.088
441.864
441.64
441.416
441.191
440.962
440.732
440.503
440.272
440.042
439.813
439.585
439.357
439.132
438.908
438.686
438.465
438.243
438.024
437.806
437.589
437.372
437.157
436.943
436.732
436.52
436.31
436.101
435.893
435.686
435.48
435.277
435.075
434.875
434.678
434.483
434.292
434.101
433.912
433.725
433.54
433.358
433.178
433
432.824
432.652
432.483
432.316
432.149
431.984
431.822
431.662
431.519
431.378
431.237
431.097
430.959
430.821
430.686
430.547
430.414
430.28
430.149
430.016
429.885
429.757
429.628
429.502
429.376
429.251
429.126
429.003
428.88
428.759
428.638
428.519
428.4
428.28
428.164
428.048
427.933
427.819
427.706
427.592
427.48
427.369
427.259
427.15
427.042
426.934
426.826
426.719
426.612
426.504
426.397
426.292
426.185
426.081
425.977
425.873
425.768
425.668
425.567
425.468
425.367
425.267
425.167
425.067
424.969
424.871
424.772
424.675
424.58
424.483
424.386
424.29
424.195
424.099
424.003
423.909
423.816
423.721
423.628
423.534
423.44
423.347
423.254
423.161
423.067
422.975
422.882
422.791
422.698
422.607
422.514
422.421
422.328
422.236
422.144
422.051
421.957
421.863
421.77
421.678
421.587
421.494
421.401
421.31
421.219
421.125
421.032
420.939
420.855
420.77
420.685
420.596
420.51
420.422
420.335
420.246
420.159
420.068
419.978
419.887
419.797
419.706
419.615
419.523
419.43
419.337
419.245
419.152
419.06
418.967
418.875
418.781
418.688
418.594
418.498
418.403
418.31
418.216
418.121
418.027
417.933
417.837
417.743
417.645
417.549
417.452
417.355
417.258
417.159
417.062
416.963
416.863
416.764
416.666
416.567
416.468
416.369
416.271
416.172
416.072
415.973
415.875
415.778
415.679
415.58
415.483
415.385
415.289
415.191
415.093
414.996
414.899
414.803
414.705
414.609
414.515
414.419
414.325
414.231
414.138
414.045
413.954
413.862
413.77
413.68
413.589
413.5
413.411
413.321
413.233
413.145
413.058
412.963
412.87
412.776
412.683
412.59
412.496
412.404
412.311
412.218
412.125
412.034
411.942
411.85
411.76
411.67
411.58
411.498
411.417
411.335
411.254
411.173
411.092
411.012
410.932
410.85
410.77
410.69
410.608
410.527
410.445
410.363
410.28
410.198
410.117
410.035
409.953
409.871
409.79
409.706
409.625
409.542
409.461
409.379
409.297
409.214
409.131
409.049
408.965
408.881
408.799
408.715
408.631
408.547
408.463
408.378
408.294
408.208
408.122
408.035
407.948
407.86
407.771
407.681
407.591
407.501
407.408
407.316
407.224
407.13
407.034
406.941
406.846
406.751
406.656
406.56
406.463
406.365
406.268
406.169
406.069
405.97
405.87
405.77
405.67
405.567
405.465
405.362
405.26
405.157
405.053
404.949
404.844
404.738
404.632
404.525
404.418
404.309
404.202
404.094
403.985
403.875
403.765
403.653
403.542
403.43
403.316
403.204
403.089
402.976
402.861
402.746
402.631
402.515
402.399
402.283
402.167
402.06
401.955
401.85
401.742
401.635
401.527
401.42
401.31
401.202
401.092
400.981
400.87
400.759
400.648
400.536
400.424
400.311
400.197
400.085
399.971
399.857
399.742
399.628
399.512
399.396
399.281
399.166
399.05
398.933
398.818
398.702
398.586
398.47
398.354
398.238
398.122
398.006
397.89
397.773
397.657
397.543
397.429
397.314
397.2
397.086
396.972
396.859
396.747
396.634
396.522
396.41
396.299
396.188
396.077
395.967
395.858
395.749
395.64
395.532
395.426
395.32
395.214
395.108
395.003
394.899
394.794
394.691
394.589
394.487
394.387
394.286
394.187
394.089
393.991
393.894
393.796
393.7
393.603
393.507
393.413
393.318
393.225
393.13
393.038
392.945
392.854
392.761
392.67
392.579
392.488
392.398
392.308
392.219
392.13
392.042
391.953
391.865
391.776
391.688
391.602
391.523
391.445
391.368
391.289
391.211
391.134
391.057
390.98
390.902
390.826
390.748
390.672
390.595
390.517
390.442
390.365
390.289
390.213
390.135
390.059
389.983
389.907
389.831
389.755
389.68
389.604
389.529
389.454
389.379
389.303
389.227
389.151
389.076
389
388.923
388.847
388.772
388.695
388.619
388.543
388.467
388.392
388.315
388.239
388.163
388.087
388.011
387.935
387.859
387.784
387.706
387.63
387.554
387.477
387.401
387.322
387.246
387.168
387.092
387.014
386.936
386.859
386.781
386.703
386.624
386.545
386.467
386.387
386.308
386.229
386.149
386.069
385.989
385.91
385.83
385.75
385.669
385.589
385.507
385.425
385.345
385.263
385.182
385.101
385.018
384.935
384.853
384.77
384.687
384.604
384.522
384.44
384.357
384.272
384.191
384.106
384.022
383.938
383.854
383.769
383.693
383.616
383.54
383.462
383.385
383.306
383.229
383.149
383.07
382.99
382.91
382.83
382.75
382.669
382.588
382.506
382.426
382.342
382.26
382.179
382.097
382.014
381.931
381.849
381.766
381.682
381.6
381.515
381.432
381.348
381.263
381.179
381.096
381.01
380.926
380.839
380.753
380.668
380.582
380.496
380.41
380.323
380.236
380.15
380.064
379.978
379.891
379.805
379.718
379.631
379.545
379.458
379.371
379.285
379.199
379.113
379.028
378.942
378.858
378.774
378.69
378.605
378.521
378.436
378.351
378.266
378.182
378.098
378.013
377.928
377.844
377.759
377.674
377.591
377.506
377.422
377.337
377.252
377.168
377.083
377
376.914
376.83
376.747
376.662
376.579
376.495
376.412
376.329
376.246
376.163
376.08
375.997
375.914
375.833
375.75
375.667
375.584
375.502
375.419
375.344
375.27
375.195
375.121
375.047
374.972
374.898
374.823
374.748
374.674
374.6
374.525
374.45
374.375
374.301
374.225
374.151
374.075
374
373.926
373.85
373.776
373.701
373.626
373.551
373.476
373.4
373.324
373.249
373.174
373.099
373.022
372.948
372.872
372.796
372.72
372.645
372.568
372.492
372.417
372.34
372.264
372.187
372.111
372.036
371.958
371.881
371.805
371.729
371.651
371.575
371.498
371.421
371.343
371.266
371.188
371.11
371.032
370.954
370.876
370.797
370.718
370.639
370.56
370.481
370.404
370.325
370.246
370.167
370.088
370.009
369.93
369.85
369.772
369.692
369.612
369.532
369.453
369.374
369.296
369.217
369.138
369.06
368.981
368.903
368.824
368.745
368.666
368.587
368.509
368.43
368.351
368.273
368.194
368.116
368.038
367.959
367.881
367.802
367.723
367.651
367.58
367.507
367.434
367.362
367.289
367.216
367.142
367.069
366.995
366.921
366.847
366.773
366.698
366.623
366.547
366.472
366.396
366.319
366.242
366.166
366.088
366.011
365.933
365.856
365.777
365.699
365.621
365.543
365.463
365.385
365.306
365.227
365.147
365.067
364.987
364.908
364.826
364.745
364.665
364.584
364.503
364.421
364.34
364.259
364.178
364.096
364.015
363.933
363.851
363.769
363.687
363.605
363.522
363.439
363.357
363.274
363.191
363.108
363.026
362.943
362.859
362.775
362.693
362.609
362.525
362.441
362.357
362.273
362.19
362.105
362.021
361.937
361.853
361.77
361.685
361.601
361.517
361.434
361.349
361.265
361.182
361.098
361.015
360.931
360.847
360.764
360.68
360.597
360.514
360.43
360.347
360.263
360.18
360.098
360.015
359.932
359.849
359.766
359.683
359.609
359.535
359.46
359.385
359.311
359.238
359.163
359.088
359.014
358.939
358.865
358.791
358.716
358.642
358.568
358.493
358.419
358.344
358.27
358.196
358.121
358.047
357.972
357.898
357.824
357.748
357.674
357.598
357.524
357.449
357.373
357.299
357.224
357.149
357.073
356.998
356.922
356.846
356.772
356.696
356.621
356.545
356.47
356.395
356.318
356.243
356.166
356.09
356.015
355.939
355.863
355.788
355.712
355.636
355.56
355.485
355.409
355.333
355.258
355.182
355.108
355.033
354.957
354.881
354.806
354.73
354.656
354.58
354.503
354.428
354.353
354.277
354.202
354.125
354.049
353.973
353.898
353.822
353.746
353.671
353.596
353.52
353.445
353.37
353.294
353.219
353.144
353.069
352.993
352.919
352.843
352.769
352.693
352.618
352.543
352.469
352.393
352.319
352.243
352.168
352.1
352.032
351.965
351.897
351.829
351.761
351.694
351.626
351.558
351.491
351.423
351.356
351.288
351.221
351.153
351.086
351.019
350.952
350.886
350.819
350.752
350.686
350.621
350.555
350.488
350.423
350.357
350.291
350.225
350.16
350.095
350.031
349.966
349.901
349.835
349.771
349.706
349.642
349.578
349.512
349.449
349.385
349.32
349.256
349.193
349.129
349.067
349.004
348.94
348.879
348.816
348.754
348.691
348.63
348.568
348.506
348.446
348.385
348.324
348.264
348.204
348.144
348.085
348.025
347.966
347.907
347.848
347.79
347.732
347.673
347.616
347.558
347.501
347.443
347.386
347.33
347.273
347.217
347.161
347.106
347.05
346.996
346.94
346.886
346.83
346.776
346.722
346.667
346.614
346.56
346.506
346.453
346.399
346.346
346.293
346.241
346.188
346.136
346.084
346.033
345.986
345.939
345.894
345.847
345.8
345.754
345.707
345.66
345.614
345.567
345.52
345.474
345.427
345.381
345.334
345.287
345.241
345.194
345.147
345.101
345.054
345.007
344.96
344.913
344.865
344.819
344.77
344.722
344.675
344.627
344.579
344.53
344.482
344.433
344.385
344.337
344.289
344.239
344.19
344.14
344.092
344.042
343.992
343.942
343.892
343.843
343.794
343.744
343.693
343.642
343.591
343.54
343.49
343.438
343.388
343.335
343.283
343.231
343.177
343.125
343.072
343.02
342.967
342.913
342.859
342.806
342.751
342.698
342.643
342.589
342.535
342.479
342.424
342.368
342.313
342.258
342.201
342.146
342.089
342.032
341.975
341.918
341.861
341.804
341.746
341.688
341.63
341.571
341.512
341.453
341.394
341.333
341.274
341.214
341.153
341.091
341.03
340.969
340.907
340.845
340.79
340.733
340.677
340.619
340.562
340.505
340.447
340.389
340.33
340.272
340.214
340.155
340.095
340.036
339.975
339.915
339.855
339.794
339.733
339.672
339.611
339.549
339.488
339.426
339.365
339.302
339.24
339.177
339.114
339.051
338.988
338.924
338.86
338.796
338.732
338.668
338.603
338.538
338.473
338.408
338.342
338.277
338.211
338.145
338.079
338.013
337.947
337.88
337.813
337.746
337.678
337.611
337.543
337.476
337.407
337.34
337.271
337.202
337.133
337.065
336.996
336.927
336.858
336.788
336.718
336.649
336.579
336.508
336.439
336.368
336.298
336.228
336.157
336.087
336.016
335.945
335.874
335.803
335.731
335.659
335.588
335.516
335.445
335.373
335.301
335.23
335.158
335.086
335.013
334.941
334.869
334.796
334.724
334.652
334.579
334.507
334.434
334.361
334.289
334.217
334.15
334.085
334.02
333.953
333.887
333.822
333.756
333.69
333.624
333.558
333.492
333.425
333.359
333.292
333.226
333.158
333.092
333.025
332.958
332.891
332.824
332.757
332.69
332.622
332.556
332.488
332.421
332.354
332.286
332.219
332.151
332.083
332.015
331.948
331.88
331.812
331.744
331.677
331.609
331.541
331.472
331.404
331.337
331.269
331.2
331.132
331.064
330.996
330.928
330.86
330.792
330.724
330.656
330.588
330.52
330.451
330.383
330.315
330.247
330.178
330.109
330.041
329.972
329.904
329.836
329.767
329.699
329.63
329.561
329.493
329.424
329.356
329.288
329.22
329.152
329.084
329.016
328.948
328.88
328.812
328.744
328.676
328.607
328.54
328.471
328.404
328.336
328.268
328.201
328.133
328.065
327.996
327.929
327.862
327.794
327.727
327.661
327.593
327.525
327.458
327.398
327.337
327.277
327.217
327.156
327.096
327.035
326.974
326.913
326.852
326.792
326.731
326.67
326.609
326.548
326.486
326.425
326.364
326.302
326.241
326.18
326.118
326.056
325.994
325.933
325.872
325.81
325.749
325.687
325.625
325.564
325.501
325.44
325.378
325.316
325.254
325.193
325.13
325.068
325.007
324.944
324.882
324.82
324.757
324.695
324.633
324.571
324.509
324.446
324.383
324.321
324.257
324.194
324.131
324.068
324.006
323.943
323.88
323.817
323.754
323.691
323.628
323.565
323.502
323.439
323.375
323.313
323.249
323.185
323.122
323.058
322.995
322.931
322.868
322.804
322.74
322.677
322.613
322.549
322.485
322.422
322.358
322.294
322.23
322.166
322.102
322.038
321.974
321.911
321.847
321.783
321.719
321.654
321.59
321.526
321.461
321.397
321.333
321.268
321.204
321.146
321.088
321.029
320.971
320.912
320.853
320.795
320.736
320.677
320.619
320.559
320.5
320.441
320.382
320.322
320.262
320.203
320.143
320.083
320.022
319.962
319.902
319.842
319.781
319.72
319.659
319.599
319.537
319.477
319.416
319.354
319.293
319.232
319.169
319.107
319.046
318.983
318.921
318.859
318.797
318.733
318.67
318.608
318.544
318.48
318.416
318.353
318.289
318.226
318.162
318.098
318.033
317.969
317.904
317.84
317.776
317.711
317.646
317.581
317.515
317.45
317.385
317.319
317.253
317.187
317.121
317.055
316.988
316.922
316.855
316.787
316.72
316.654
316.586
316.519
316.452
316.384
316.317
316.25
316.182
316.114
316.046
315.978
315.909
315.841
315.773
315.704
315.635
315.567
315.498
315.429
315.361
315.292
315.223
315.154
315.085
315.016
314.947
314.878
314.808
314.745
314.683
314.621
314.559
314.496
314.433
314.369
314.307
314.243
314.181
314.117
314.054
313.991
313.927
313.864
313.8
313.736
313.673
313.609
313.545
313.482
313.418
313.354
313.29
313.226
313.162
313.097
313.033
312.969
312.903
312.84
312.776
312.711
312.647
312.582
312.517
312.453
312.388
312.323
312.259
312.193
312.128
312.064
311.999
311.934
311.869
311.805
311.74
311.674
311.61
311.545
311.48
311.415
311.351
311.286
311.221
311.156
311.091
311.027
310.962
310.896
310.831
310.766
310.701
310.636
310.571
310.505
310.441
310.376
310.311
310.246
310.181
310.116
310.051
309.985
309.921
309.856
309.79
309.725
309.66
309.596
309.53
309.465
309.4
309.335
309.271
309.205
309.141
309.076
309.011
308.947
308.882
308.818
308.753
308.689
308.625
308.561
308.496
308.433
308.368
308.311
308.252
308.195
308.138
308.08
308.022
307.964
307.907
307.849
307.79
307.731
307.673
307.613
307.555
307.496
307.437
307.379
307.319
307.26
307.201
307.141
307.083
307.024
306.965
306.907
306.848
306.789
306.73
306.671
306.613
306.554
306.495
306.437
306.378
306.319
306.26
306.202
306.143
306.084
306.026
305.967
305.908
305.851
305.792
305.733
305.675
305.617
305.558
305.5
305.442
305.384
305.325
305.267
305.209
305.151
305.093
305.035
304.978
304.92
304.862
304.805
304.747
304.69
304.632
304.574
304.517
304.459
304.401
304.345
304.287
304.229
304.173
304.115
304.058
304
303.944
303.886
303.829
303.772
303.715
303.658
303.602
303.544
303.488
303.431
303.374
303.318
303.261
303.204
303.148
303.091
303.035
302.978
302.922
302.867
302.81
302.754
302.698
302.641
302.586
302.535
302.485
302.434
302.384
302.334
302.282
302.233
302.181
302.131
302.08
302.03
301.979
301.929
301.878
301.828
301.777
301.726
301.676
301.626
301.575
301.524
301.473
301.422
301.372
301.321
301.271
301.221
301.17
301.119
301.068
301.018
300.968
300.917
300.866
300.815
300.765
300.714
300.664
300.613
300.562
300.512
300.461
300.41
300.359
300.309
300.258
300.207
300.156
300.106
300.055
300.004
299.954
299.903
299.852
299.801
299.751
299.7
299.65
299.598
299.548
299.497
299.446
299.396
299.345
299.294
299.243
299.193
299.141
299.09
299.04
298.989
298.938
298.887
298.836
298.786
298.736
298.684
298.635
298.584
298.533
298.482
298.432
298.38
298.33
298.279
298.229
298.178
298.127
298.076
298.025
297.975
297.924
297.873
297.823
297.772
297.721
297.671
297.62
297.57
297.519
297.474
297.428
297.383
297.337
297.292
297.246
297.201
297.155
297.109
297.063
297.017
296.971
296.926
296.88
296.834
296.787
296.741
296.695
296.649
296.603
296.557
296.51
296.464
296.418
296.372
296.326
296.28
296.233
296.187
296.141
296.094
296.048
296.001
295.955
295.908
295.862
295.816
295.769
295.723
295.676
295.63
295.583
295.537
295.49
295.444
295.397
295.351
295.304
295.257
295.21
295.163
295.116
295.07
295.023
294.976
294.929
294.882
294.835
294.789
294.741
294.695
294.648
294.601
294.554
294.507
294.46
294.412
294.366
294.318
294.272
294.224
294.177
294.13
294.083
294.036
293.99
293.942
293.895
293.848
293.801
293.754
293.707
293.659
293.613
293.566
293.518
293.471
293.425
293.378
293.331
293.283
293.237
293.189
293.142
293.095
293.049
293.002
292.955
292.908
292.861
292.819
292.777
292.735
292.693
292.651
292.609
292.566
292.523
292.48
292.439
292.396
292.354
292.311
292.269
292.227
292.184
292.142
292.099
292.056
292.013
291.97
291.928
291.885
291.842
291.799
291.756
291.713
291.67
291.627
291.585
291.541
291.499
291.456
291.413
291.37
291.327
291.283
291.24
291.197
291.154
291.111
291.068
291.024
290.981
290.938
290.895
290.853
290.809
290.766
290.723
290.68
290.637
290.594
290.551
290.508
290.465
290.421
290.378
290.335
290.293
290.249
290.206
290.163
290.119
290.076
290.032
289.989
289.946
289.902
289.86
289.816
289.773
289.729
289.686
289.643
289.599
289.556
289.513
289.469
289.426
289.383
289.339
289.296
289.253
289.21
289.167
289.123
289.081
289.036
288.993
288.951
288.906
288.864
288.821
288.778
288.734
288.691
288.648
288.606
288.563
288.524
288.485
288.447
288.408
288.369
288.33
288.291
288.253
288.214
288.176
288.137
288.098
288.06
288.021
287.981
287.943
287.904
287.865
287.826
287.788
287.749
287.71
287.671
287.633
287.593
287.554
287.515
287.476
287.438
287.399
287.36
287.321
287.283
287.244
287.205
287.166
287.127
287.088
287.049
287.011
286.972
286.933
286.894
286.855
286.817
286.778
286.739
286.7
286.662
286.623
286.584
286.545
286.506
286.468
286.429
286.39
286.351
286.313
286.273
286.235
286.196
286.158
286.119
286.081
286.042
286.004
285.965
285.927
285.888
285.85
285.811
285.773
285.735
285.697
285.658
285.62
285.581
285.543
285.505
285.467
285.43
285.391
285.353
285.314
285.276
285.238
285.201
285.162
285.124
285.086
285.048
285.01
284.972
284.934
284.896
284.859
284.821
284.783
284.745
284.708
284.674
284.64
284.606
284.573
284.54
284.505
284.471
284.437
284.403
284.369
284.335
284.301
284.267
284.234
284.201
284.166
284.132
284.099
284.066
284.031
283.998
283.964
283.931
283.896
283.863
283.829
283.796
283.762
283.728
283.695
283.661
283.628
283.594
283.56
283.526
283.493
283.46
283.426
283.393
283.359
283.326
283.293
283.26
283.226
283.192
283.159
283.125
283.091
283.057
283.024
282.99
282.957
282.923
282.89
282.856
282.823
282.79
282.756
282.723
282.689
282.656
282.622
282.589
282.556
282.523
282.489
282.456
282.423
282.39
282.357
282.324
282.291
282.258
282.225
282.192
282.159
282.126
282.093
282.06
282.027
281.995
281.962
281.93
281.897
281.864
281.831
281.798
281.766
281.734
281.701
281.668
281.636
281.603
281.571
281.538
281.506
281.473
281.441
281.408
281.375
281.347
281.317
281.288
281.259
281.23
281.201
281.173
281.143
281.114
281.084
281.055
281.026
280.997
280.968
280.939
280.91
280.881
280.851
280.823
280.794
280.764
280.736
280.706
280.677
280.648
280.619
280.591
280.561
280.533
280.504
280.474
280.446
280.417
280.388
280.359
280.33
280.301
280.272
280.243
280.214
280.185
280.157
280.128
280.099
280.07
280.041
280.012
279.983
279.955
279.927
279.897
279.869
279.84
279.811
279.782
279.753
279.725
279.696
279.668
279.639
279.61
279.581
279.553
279.525
279.496
279.467
279.438
279.41
279.382
279.354
279.325
279.297
279.268
279.24
279.212
279.183
279.155
279.127
279.099
279.071
279.043
279.014
278.986
278.958
278.93
278.902
278.873
278.845
278.817
278.789
278.76
278.733
278.704
278.676
278.649
278.621
278.592
278.565
278.537
278.509
278.484
278.459
278.434
278.409
278.384
278.359
278.334
278.309
278.284
278.259
278.235
278.21
278.184
278.16
278.135
278.11
278.085
278.06
278.034
278.01
277.985
277.96
277.935
277.91
277.885
277.86
277.835
277.81
277.785
277.76
277.735
277.71
277.685
277.66
277.635
277.611
277.586
277.561
277.536
277.511
277.486
277.462
277.436
277.412
277.387
277.362
277.337
277.312
277.288
277.262
277.237
277.213
277.188
277.163
277.139
277.113
277.089
277.064
277.039
277.015
276.99
276.965
276.941
276.916
276.891
276.866
276.841
276.816
276.791
276.766
276.741
276.716
276.692
276.667
276.642
276.617
276.592
276.567
276.543
276.518
276.493
276.469
276.443
276.419
276.394
276.369
276.344
276.32
276.295
276.27
276.245
276.221
276.196
276.171
276.146
276.122
276.097
276.073
276.047
276.023
276.001
275.979
275.956
275.934
275.912
275.889
275.867
275.845
275.823
275.8
275.778
275.756
275.733
275.711
275.689
275.667
275.644
275.622
275.599
275.577
275.554
275.532
275.509
275.486
275.464
275.442
275.419
275.397
275.375
275.352
275.329
275.306
275.284
275.261
275.239
275.216
275.193
275.171
275.148
275.125
275.103
275.08
275.057
275.035
275.012
274.989
274.966
274.944
274.921
274.898
274.876
274.853
274.83
274.807
274.784
274.762
274.738
274.715
274.693
274.67
274.647
274.624
274.6
274.578
274.555
274.532
274.508
274.485
274.463
274.439
274.416
274.393
274.37
274.347
274.324
274.301
274.278
274.255
274.232
274.209
274.185
274.162
274.139
274.115
274.092
274.069
274.046
274.022
273.999
273.976
273.952
273.93
273.905
273.883
273.859
273.836
273.812
273.789
273.766
273.742
273.721
273.7
273.678
273.658
273.636
273.615
273.594
273.573
273.551
273.53
273.509
273.487
273.466
273.445
273.423
273.402
273.381
273.359
273.337
273.316
273.294
273.273
273.251
273.229
273.208
273.186
273.164
273.142
273.12
273.098
273.076
273.054
273.032
273.01
272.988
272.966
272.944
272.921
272.899
272.877
272.855
272.833
272.81
272.788
272.767
272.744
272.721
272.699
272.677
272.654
272.632
272.61
272.587
272.565
272.542
272.519
272.497
272.475
272.452
272.429
272.406
272.383
272.361
272.338
272.315
272.292
272.27
272.247
272.224
272.201
272.179
272.155
272.132
272.109
272.086
272.063
272.04
272.016
271.993
271.97
271.947
271.923
271.9
271.877
271.853
271.83
271.807
271.783
271.76
271.737
271.713
271.689
271.666
271.642
271.618
271.595
271.571
271.547
271.523
271.5
271.478
271.457
271.435
271.413
271.392
271.37
271.349
271.327
271.305
271.283
271.262
271.24
271.218
271.196
271.174
271.152
271.13
271.109
271.087
271.064
271.042
271.02
270.998
270.976
270.954
270.931
270.909
270.887
270.864
270.842
270.82
270.797
270.774
270.753
270.73
270.708
270.685
270.662
270.639
270.617
270.594
270.571
270.548
270.525
270.503
270.48
270.457
270.434
270.412
270.388
270.366
270.342
270.319
270.296
270.273
270.25
270.227
270.204
270.181
270.157
270.134
270.111
270.087
270.064
270.041
270.017
269.994
269.97
269.947
269.923
269.899
269.876
269.852
269.828
269.804
269.781
269.757
269.733
269.709
269.685
269.661
269.637
269.613
269.589
269.564
269.54
269.517
269.492
269.468
269.444
269.419
269.395
269.371
269.347
269.322
269.298
269.273
269.249
269.224
269.2
269.178
269.155
269.133
269.112
269.089
269.067
269.044
269.022
269
268.977
268.955
268.932
268.91
268.887
268.865
268.842
268.819
268.797
268.775
268.752
268.729
268.707
268.683
268.661
268.638
268.615
268.592
268.569
268.546
268.524
268.5
268.477
268.454
268.431
268.408
268.385
268.362
268.339
268.315
268.292
268.269
268.246
268.222
268.198
268.175
268.152
268.128
268.105
268.081
268.058
268.034
268.01
267.987
267.963
267.939
267.915
267.892
267.868
267.844
267.82
267.796
267.773
267.749
267.725
267.701
267.677
267.654
267.629
267.606
267.581
267.557
267.533
267.51
267.486
267.462
267.438
267.414
267.389
267.365
267.342
267.317
267.293
267.268
267.244
267.22
267.196
267.172
267.147
267.123
267.099
267.074
267.05
267.026
267.002
266.977
266.953
266.929
266.904
266.879
266.855
266.833
266.811
266.789
266.767
266.744
266.722
266.7
266.678
266.655
266.633
266.611
266.589
266.566
266.544
266.522
266.499
266.476
266.455
266.432
266.409
266.387
266.364
266.342
266.32
266.297
266.274
266.252
266.23
266.207
266.184
266.161
266.139
266.116
266.093
266.071
266.048
266.025
266.002
265.98
265.957
265.934
265.911
265.888
265.866
265.843
265.82
265.797
265.774
265.751
265.728
265.705
265.682
265.66
265.637
265.613
265.59
265.567
265.545
265.522
265.498
265.475
265.453
265.43
265.406
265.383
265.36
265.336
265.313
265.29
265.267
265.244
265.221
265.198
265.175
265.151
265.128
265.105
265.082
265.059
265.035
265.012
264.989
264.965
264.943
264.919
264.896
264.872
264.849
264.826
264.803
264.779
264.756
264.732
264.709
264.685
264.662
264.639
264.615
264.591
264.568
264.547
264.526
264.505
264.484
264.463
264.441
264.42
264.399
264.378
264.357
264.336
264.315
264.294
264.272
264.251
264.23
264.209
264.187
264.166
264.145
264.124
264.103
264.081
264.06
264.039
264.018
263.996
263.975
263.954
263.933
263.912
263.89
263.869
263.848
263.826
263.805
263.783
263.762
263.741
263.72
263.698
263.677
263.656
263.634
263.613
263.592
263.57
263.549
263.528
263.506
263.485
263.464
263.443
263.421
263.4
263.378
263.356
263.335
263.313
263.292
263.271
263.249
263.228
263.207
263.185
263.164
263.143
263.121
263.1
263.078
263.057
263.035
263.014
262.992
262.971
262.95
262.928
262.908
262.885
262.864
262.842
262.821
262.8
262.779
262.757
262.735
262.714
262.693
262.671
262.649
262.628
262.607
262.585
262.563
262.542
262.521
262.499
262.478
262.457
262.435
262.415
262.396
262.377
262.358
262.339
262.319
262.299
262.28
262.261
262.242
262.222
262.203
262.184
262.164
262.145
262.125
262.106
262.087
262.067
262.048
262.029
262.01
261.99
261.971
261.952
261.932
261.913
261.894
261.874
261.855
261.835
261.816
261.796
261.777
261.758
261.738
261.719
261.699
261.68
261.661
261.642
261.622
261.602
261.583
261.564
261.545
261.525
261.506
261.487
261.467
261.448
261.429
261.409
261.389
261.37
261.351
261.331
261.313
261.293
261.273
261.254
261.235
261.216
261.196
261.177
261.158
261.138
261.119
261.1
261.08
261.061
261.041
261.022
261.003
260.983
260.964
260.945
260.926
260.906
260.887
260.868
260.848
260.829
260.81
260.79
260.771
260.751
260.732
260.713
260.694
260.674
260.655
260.636
260.617
260.597
260.578
260.559
260.539
260.52
260.501
260.484
260.466
260.449
260.431
260.414
260.397
260.379
260.362
260.345
260.327
260.31
260.293
260.276
260.258
260.241
260.224
260.206
260.189
260.171
260.154
260.136
260.119
260.102
260.084
260.067
260.05
260.033
260.015
259.997
259.981
259.963
259.946
259.928
259.911
259.894
259.876
259.859
259.842
259.824
259.807
259.789
259.772
259.754
259.737
259.719
259.702
259.685
259.667
259.65
259.633
259.615
259.598
259.581
259.563
259.546
259.528
259.51
259.493
259.476
259.458
259.441
259.423
259.406
259.389
259.371
259.353
259.336
259.319
259.301
259.284
259.266
259.249
259.231
259.213
259.196
259.179
259.161
259.144
259.127
259.109
259.092
259.074
259.057
259.039
259.022
259.004
258.987
258.969
258.952
258.934
258.917
258.9
258.881
258.865
258.847
258.83
258.812
258.794
258.777
258.76
258.744
258.728
258.712
258.697
258.681
258.665
258.649
258.633
258.618
258.602
258.587
258.571
258.555
258.539
258.524
258.508
258.493
258.476
258.46
258.444
258.428
258.413
258.397
258.382
258.366
258.35
258.334
258.319
258.303
258.287
258.271
258.256
258.239
258.224
258.208
258.192
258.176
258.161
258.145
258.129
258.114
258.098
258.082
258.066
258.05
258.034
258.018
258.002
257.987
257.971
257.955
257.939
257.923
257.907
257.891
257.875
257.859
257.844
257.828
257.812
257.796
257.78
257.765
257.749
257.733
257.717
257.701
257.685
257.669
257.653
257.638
257.622
257.605
257.589
257.574
257.557
257.542
257.526
257.51
257.494
257.478
257.462
257.446
257.43
257.414
257.398
257.382
257.366
257.35
257.334
257.318
257.302
257.286
257.27
257.254
257.238
257.222
257.206
257.19
257.174
257.16
257.145
257.131
257.117
257.102
257.088
257.073
257.059
257.044
257.03
257.015
257.001
256.986
256.972
256.957
256.943
256.928
256.913
256.899
256.885
256.87
256.856
256.841
256.827
256.812
256.798
256.783
256.768
256.754
256.739
256.725
256.71
256.695
256.681
256.666
256.651
256.637
256.622
256.607
256.593
256.578
256.564
256.549
256.534
256.52
256.505
256.49
256.475
256.461
256.446
256.432
256.417
256.402
256.388
256.372
256.358
256.343
256.328
256.313
256.299
256.284
256.269
256.254
256.24
256.225
256.211
256.196
256.181
256.166
256.151
256.137
256.121
256.107
256.092
256.076
256.062
256.047
256.032
256.017
256.003
255.988
255.973
255.958
255.943
255.928
255.913
255.898
255.883
255.869
255.854
255.839
255.824
255.809
255.794
255.779
255.764
255.749
255.734
255.719
255.703
255.69
255.676
255.663
255.649
255.636
255.622
255.609
255.595
255.582
255.568
255.555
255.541
255.527
255.514
255.501
255.487
255.473
255.46
255.446
255.433
255.419
255.405
255.392
255.378
255.364
255.351
255.337
255.323
255.309
255.296
255.282
255.268
255.255
255.241
255.227
255.214
255.2
255.186
255.173
255.159
255.145
255.131
255.118
255.104
255.09
255.076
255.062
255.048
255.035
255.021
255.007
254.993
254.98
254.966
254.952
254.938
254.923
254.909
254.896
254.882
254.868
254.854
254.84
254.826
254.813
254.799
254.785
254.771
254.757
254.743
254.729
254.715
254.701
254.687
254.673
254.659
254.645
254.632
254.618
254.604
254.589
254.576
254.561
254.547
254.533
254.519
254.505
254.491
254.477
254.463
254.449
254.435
254.421
254.407
254.393
254.379
254.365
254.351
254.336
254.322
254.31
254.297
254.285
254.272
254.259
254.246
254.234
254.221
254.208
254.195
254.183
254.17
254.158
254.144
254.132
254.119
254.106
254.093
254.08
254.068
254.055
254.042
254.029
254.017
254.003
253.99
253.977
253.965
253.952
253.939
253.926
253.913
253.901
253.887
253.875
253.862
253.849
253.836
253.823
253.811
253.797
253.785
253.772
253.759
253.746
253.733
253.72
253.707
253.694
253.681
253.668
253.655
253.642
253.629
253.616
253.603
253.59
253.577
253.564
253.551
253.537
253.525
253.512
253.499
253.485
253.472
253.459
253.446
253.433
253.42
253.407
253.394
253.381
253.368
253.355
253.342
253.328
253.315
253.302
253.289
253.276
253.263
253.249
253.236
253.223
253.209
253.196
253.183
253.169
253.156
253.143
253.129
253.116
253.103
253.09
253.076
253.063
253.049
253.036
253.023
253.011
252.999
252.987
252.975
252.963
252.95
252.938
252.926
252.914
252.902
252.89
252.878
252.866
252.854
252.841
252.829
252.817
252.806
252.793
252.781
252.769
252.757
252.745
252.732
252.72
252.708
252.696
252.684
252.672
252.659
252.647
252.635
252.623
252.611
252.598
252.586
252.574
252.562
252.55
252.538
252.525
252.514
252.501
252.488
252.476
252.464
252.452
252.44
252.427
252.415
252.403
252.391
252.378
252.366
252.354
252.342
252.329
252.317
252.305
252.292
252.28
252.268
252.255
252.243
252.231
252.219
252.206
252.194
252.181
252.169
252.157
252.144
252.132
252.12
252.107
252.095
252.082
252.07
252.058
252.045
252.033
252.021
252.008
251.996
251.983
251.971
251.959
251.947
251.934
251.922
251.909
251.896
251.885
251.872
251.859
251.847
251.835
251.822
251.81
251.797
251.786
251.775
251.764
251.752
251.741
251.73
251.719
251.708
251.696
251.685
251.674
251.663
251.651
251.64
251.629
251.618
251.607
251.595
251.584
251.573
251.561
251.55
251.539
251.527
251.516
251.505
251.494
251.482
251.471
251.46
251.448
251.437
251.426
251.414
251.403
251.391
251.38
251.368
251.357
251.346
251.335
251.323
251.312
251.3
251.289
251.277
251.266
251.254
251.243
251.232
251.22
251.209
251.197
251.186
251.175
251.164
251.152
251.141
251.129
251.117
251.106
251.095
251.083
251.072
251.06
251.049
251.037
251.026
251.014
251.003
250.991
250.98
250.968
250.957
250.945
250.934
250.922
250.911
250.899
250.888
250.876
250.864
250.853
250.841
250.83
250.818
250.807
250.795
250.784
250.772
250.761
250.749
250.738
250.726
250.714
250.703
250.691
250.68
250.668
250.656
250.646
250.636
250.625
250.615
250.604
250.594
250.583
250.573
250.562
250.552
250.541
250.531
250.521
250.51
250.5
250.489
250.479
250.468
250.458
250.447
250.437
250.426
250.416
250.405
250.395
250.384
250.373
250.363
250.352
250.342
250.331
250.321
250.311
250.3
250.29
250.279
250.268
250.258
250.247
250.236
250.226
250.215
250.205
250.194
250.184
250.173
250.163
250.152
250.142
250.131
250.12
250.11
250.099
250.089
250.078
250.067
250.057
250.046
250.036
250.025
250.014
250.004
249.993
249.982
249.972
249.962
249.95
249.94
249.929
249.919
249.908
249.897
249.887
249.876
249.866
249.855
249.844
249.834
249.823
249.812
249.802
249.791
249.78
249.77
249.759
249.748
249.738
249.727
249.716
249.705
249.695
249.684
249.673
249.663
249.652
249.642
249.631
249.62
249.61
249.599
249.59
249.58
249.57
249.56
249.551
249.541
249.531
249.522
249.512
249.502
249.493
249.483
249.473
249.464
249.454
249.444
249.435
249.425
249.415
249.406
249.396
249.386
249.377
249.367
249.357
249.348
249.338
249.329
249.319
249.309
249.299
249.289
249.28
249.27
249.26
249.251
249.241
249.231
249.222
249.212
249.202
249.192
249.182
249.173
249.163
249.154
249.144
249.134
249.124
249.114
249.105
249.095
249.085
249.075
249.066
249.056
249.046
249.036
249.026
249.016
249.007
248.997
248.987
248.977
248.968
248.958
248.948
248.938
248.928
248.919
248.908
248.899
248.889
248.879
248.87
248.86
248.85
248.84
248.83
248.821
248.811
248.801
248.791
248.781
248.771
248.761
248.752
248.742
248.732
248.722
248.713
248.703
248.693
248.683
248.673
248.663
248.653
248.644
248.634
248.624
248.615
248.606
248.597
248.588
248.579
248.571
248.562
248.553
248.544
248.535
248.526
248.517
248.508
248.499
248.491
248.481
248.473
248.464
248.455
248.446
248.437
248.428
248.419
248.41
248.401
248.393
248.383
248.374
248.365
248.356
248.348
248.339
248.329
248.321
248.312
248.303
248.294
248.285
248.276
248.267
248.257
248.249
248.24
248.231
248.222
248.213
248.204
248.195
248.186
248.177
248.168
248.159
248.15
248.141
248.132
248.123
248.114
248.105
248.097
248.087
248.078
248.069
248.06
248.052
248.042
248.033
248.024
248.015
248.006
247.997
247.988
247.979
247.971
247.961
247.953
247.943
247.935
247.925
247.916
247.907
247.898
247.889
247.88
247.871
247.862
247.853
247.844
247.835
247.826
247.817
247.808
247.799
247.79
247.78
247.771
247.762
247.753
247.744
247.735
247.726
247.718
247.71
247.702
247.693
247.686
247.677
247.669
247.661
247.653
247.644
247.637
247.628
247.62
247.612
247.604
247.596
247.588
247.579
247.571
247.563
247.555
247.547
247.538
247.53
247.522
247.513
247.506
247.497
247.489
247.481
247.473
247.465
247.456
247.448
247.44
247.432
247.424
247.415
247.407
247.399
247.391
247.382
247.374
247.366
247.358
247.35
247.342
247.333
247.325
247.316
247.309
247.3
247.292
247.284
247.275
247.267
247.259
247.251
247.242
247.234
247.226
247.217
247.209
247.201
247.193
247.184
247.176
247.168
247.16
247.151
247.143
247.134
247.127
247.118
247.11
247.102
247.093
247.085
247.076
247.068
247.06
247.052
247.043
247.035
247.027
247.019
247.01
247.002
246.994
246.986
246.978
246.969
246.961
246.952
246.944
246.936
246.928
246.919
246.911
246.902
246.895
246.887
246.88
246.873
246.865
246.858
246.85
246.843
246.835
246.828
246.82
246.813
246.805
246.798
246.79
246.782
246.775
246.767
246.76
246.752
246.745
246.737
246.73
246.722
246.715
246.707
246.7
246.692
246.685
246.678
246.67
246.662
246.655
246.647
246.64
246.632
246.625
246.617
246.609
246.602
246.595
246.587
246.579
246.572
246.564
246.557
246.549
246.542
246.534
246.527
246.519
246.512
246.504
246.497
246.489
246.481
246.474
246.466
246.458
246.451
246.443
246.435
246.428
246.42
246.413
246.405
246.398
246.39
246.382
246.375
246.367
246.36
246.352
246.344
246.337
246.329
246.322
246.314
246.306
246.299
246.291
246.284
246.276
246.269
246.261
246.253
246.245
246.238
246.23
246.222
246.215
246.207
246.2
246.192
246.185
246.177
246.169
246.161
246.154
246.146
246.139
246.132
246.126
246.119
246.112
246.105
246.098
246.091
246.085
246.078
246.071
246.064
246.057
246.05
246.043
246.036
246.03
246.023
246.016
246.009
246.002
245.995
245.988
245.981
245.974
245.967
245.961
245.953
245.947
245.939
245.933
245.925
245.919
245.912
245.905
245.898
245.891
245.884
245.877
245.87
245.863
245.856
245.849
245.842
245.835
245.828
245.821
245.814
245.807
245.8
245.793
245.786
245.779
245.772
245.766
245.758
245.751
245.744
245.737
245.73
245.724
245.717
245.71
245.702
245.696
245.689
245.681
245.674
245.668
245.661
245.654
245.647
245.64
245.633
245.626
245.619
245.612
245.605
245.597
245.591
245.583
245.576
245.569
245.562
245.555
245.548
245.541
245.534
245.527
245.52
245.513
245.506
245.499
245.492
245.485
245.478
245.471
245.464
245.457
245.45
245.444
245.437
245.431
245.425
245.418
245.412
245.406
245.399
245.393
245.386
245.38
245.374
245.367
245.361
245.355
245.348
245.342
245.335
245.329
245.323
245.316
245.31
245.304
245.297
245.291
245.284
245.278
245.271
245.265
245.259
245.252
245.246
245.24
245.233
245.227
245.22
245.214
245.207
245.201
245.195
245.189
245.182
245.176
245.17
245.163
245.156
245.15
245.144
245.137
245.131
245.124
245.117
245.111
245.105
245.098
245.092
245.085
245.079
245.072
245.066
245.06
245.053
245.047
245.04
245.034
245.027
245.021
245.014
245.008
245.001
244.995
244.988
244.982
244.975
244.969
244.963
244.956
244.95
244.943
244.937
244.931
244.924
244.917
244.911
244.905
244.898
244.892
244.885
244.879
244.872
244.866
244.859
244.853
244.846
244.84
244.833
244.826
244.82
244.814
244.807
244.801
244.795
244.789
244.783
244.778
244.772
244.766
244.76
244.754
244.748
244.742
244.737
244.731
244.725
244.719
244.713
244.707
244.701
244.696
244.69
244.684
244.678
244.672
244.666
244.66
244.654
244.648
244.642
244.637
244.63
244.624
244.618
244.612
244.607
244.601
244.595
244.589
244.583
244.577
244.572
244.565
244.559
244.554
244.548
244.542
244.536
244.53
244.524
244.518
244.512
244.506
244.5
244.494
244.488
244.482
244.476
244.471
244.465
244.459
244.453
244.447
244.441
244.435
244.429
244.423
244.417
244.411
244.405
244.399
244.393
244.387
244.381
244.375
244.369
244.363
244.357
244.351
244.345
244.339
244.333
244.327
244.321
244.315
244.309
244.303
244.297
244.291
244.285
244.279
244.273
244.267
244.261
244.255
244.249
244.243
244.237
244.231
244.225
244.219
244.213
244.208
244.202
244.197
244.191
244.186
244.181
244.175
244.17
244.165
244.159
244.154
244.148
244.143
244.137
244.132
244.126
244.121
244.115
244.11
244.104
244.099
244.093
244.088
244.082
244.077
244.071
244.066
244.061
244.055
244.049
244.044
244.038
244.033
244.028
244.022
244.017
244.011
244.006
244
243.994
243.989
243.984
243.978
243.973
243.967
243.962
243.956
243.951
243.945
243.94
243.934
243.929
243.923
243.918
243.913
243.907
243.901
243.896
243.89
243.885
243.879
243.873
243.868
243.863
243.857
243.852
243.846
243.84
243.834
243.829
243.824
243.818
243.813
243.807
243.802
243.796
243.791
243.786
243.78
243.774
243.768
243.763
243.757
243.752
243.746
243.741
243.735
243.73
243.724
243.718
243.713
243.707
243.701
243.696
243.69
243.685
243.679
243.674
243.668
243.663
243.658
243.653
243.647
243.642
243.638
243.632
243.628
243.622
243.617
243.612
243.607
243.602
243.597
243.592
243.587
243.582
243.577
243.572
243.567
243.562
243.557
243.552
243.546
243.541
243.536
243.531
243.526
243.521
243.516
243.511
243.506
243.501
243.496
243.49
243.486
243.481
243.475
243.471
243.466
243.46
243.455
243.45
243.445
243.44
243.435
243.43
243.425
243.42
243.414
243.409
243.404
243.399
243.394
243.389
243.383
243.378
243.373
243.368
243.363
243.358
243.353
243.348
243.342
243.337
243.332
243.327
243.322
243.317
243.312
243.307
243.302
243.296
243.291
243.286
243.281
243.276
243.271
243.266
243.26
243.255
243.25
243.245
243.24
243.234
243.229
243.224
243.219
243.214
243.209
243.204
243.198
243.193
243.188
243.182
243.177
243.172
243.167
243.162
243.157
243.152
243.147
243.143
243.138
243.133
243.128
243.124
243.119
243.114
243.11
243.105
243.1
243.096
243.091
243.086
243.082
243.077
243.072
243.067
243.063
243.058
243.053
243.049
243.044
243.039
243.034
243.03
243.025
243.02
243.016
243.011
243.006
243.002
242.997
242.992
242.987
242.983
242.978
242.973
242.969
242.964
242.959
242.954
242.95
242.945
242.94
242.935
242.931
242.926
242.921
242.916
242.911
242.907
242.902
242.897
242.893
242.888
242.883
242.878
242.873
242.869
242.864
242.859
242.854
242.85
242.845
242.84
242.835
242.831
242.826
242.821
242.816
242.811
242.807
242.802
242.797
242.792
242.788
242.783
242.778
242.773
242.769
242.764
242.759
242.754
242.749
242.744
242.74
242.735
242.73
242.725
242.72
242.716
242.71
242.706
242.701
242.696
242.691
242.686
242.682
242.677
242.673
242.668
242.664
242.66
242.655
242.651
242.646
242.642
242.638
242.633
242.629
242.625
242.62
242.616
242.612
242.607
242.603
242.599
242.594
242.59
242.585
242.581
242.577
242.572
242.568
242.563
242.559
242.554
242.55
242.546
242.541
242.537
242.532
242.528
242.524
242.52
242.515
242.51
242.506
242.501
242.497
242.493
242.488
242.484
242.479
242.475
242.471
242.466
242.461
242.457
242.453
242.448
242.444
242.439
242.435
242.431
242.427
242.422
242.418
242.413
242.409
242.404
242.4
242.395
242.391
242.386
242.382
242.377
242.373
242.369
242.364
242.36
242.355
242.351
242.346
242.342
242.338
242.333
242.328
242.324
242.319
242.315
242.311
242.306
242.302
242.297
242.293
242.288
242.284
242.28
242.275
242.271
242.266
242.261
242.257
242.252
242.248
242.243
242.239
242.234
242.23
242.226
242.222
242.218
242.214
242.21
242.206
242.202
242.198
242.194
242.189
242.186
242.181
242.177
242.173
242.169
242.165
242.161
242.157
242.153
242.149
242.145
242.141
242.136
242.132
242.129
242.124
242.12
242.116
242.112
242.108
242.104
242.099
242.095
242.091
242.087
242.083
242.079
242.075
242.071
242.067
242.063
242.058
242.054
242.05
242.046
242.042
242.038
242.034
242.03
242.026
242.021
242.017
242.013
242.009
242.005
242.001
241.996
241.993
241.988
241.984
241.98
241.976
241.972
241.967
241.964
241.959
241.955
241.951
241.947
241.942
241.938
241.934
241.93
241.926
241.922
241.918
241.914
241.909
241.905
241.901
241.897
241.893
241.889
241.884
241.88
241.876
241.872
241.868
241.863
241.86
241.855
241.851
241.847
241.842
241.838
241.834
241.83
241.826
241.821
241.818
241.814
241.81
241.806
241.802
241.799
241.795
241.791
241.787
241.783
241.78
241.776
241.772
241.768
241.765
241.761
241.757
241.753
241.749
241.745
241.742
241.738
241.734
241.73
241.726
241.723
241.719
241.715
241.711
241.707
241.703
241.7
241.696
241.692
241.688
241.684
241.681
241.677
241.673
241.669
241.665
241.661
241.657
241.653
241.65
241.646
241.642
241.638
241.634
241.63
241.627
241.623
241.619
241.615
241.611
241.607
241.604
241.6
241.596
241.592
241.588
241.584
241.58
241.577
241.573
241.569
241.565
241.561
241.557
241.553
241.549
241.545
241.542
241.538
241.534
241.53
241.526
241.522
241.518
241.514
241.51
241.507
241.503
241.499
241.495
241.491
241.487
241.483
241.479
241.476
241.471
241.467
241.464
241.46
241.456
241.452
241.448
241.445
241.441
241.437
241.433
241.43
241.426
241.422
241.419
241.415
241.412
241.408
241.405
241.401
241.398
241.394
241.391
241.387
241.384
241.38
241.377
241.373
241.37
241.366
241.362
241.359
241.355
241.352
241.348
241.345
241.341
241.338
241.334
241.331
241.327
241.323
241.32
241.316
241.313
241.309
241.306
241.302
241.298
241.295
241.291
241.288
241.284
241.281
241.277
241.274
241.27
241.266
241.263
241.259
241.255
241.252
241.249
241.245
241.241
241.238
241.234
241.231
241.227
241.223
241.22
241.216
241.213
241.209
241.205
241.202
241.198
241.195
241.191
241.187
241.184
241.18
241.177
241.173
241.169
241.166
241.162
241.159
241.155
241.152
241.148
241.144
241.141
241.137
241.134
241.13
241.126
241.122
241.119
241.115
241.112
241.108
241.104
241.101
241.097
241.093
241.09
241.086
241.083
241.079
241.075
241.072
241.069
241.066
241.063
241.059
241.056
241.053
241.049
241.046
241.043
241.04
241.036
241.033
241.03
241.026
241.023
241.02
241.016
241.013
241.009
241.006
241.003
241
240.996
240.993
240.99
240.986
240.983
240.98
240.977
240.974
240.97
240.967
240.964
240.96
240.957
240.954
240.95
240.947
240.944
240.94
240.937
240.933
240.93
240.927
240.924
240.92
240.917
240.913
240.91
240.907
240.903
240.9
240.897
240.893
240.89
240.887
240.883
240.88
240.877
240.873
240.87
240.867
240.863
240.86
240.857
240.853
240.85
240.846
240.843
240.84
240.836
240.833
240.83
240.826
240.823
240.82
240.816
240.813
240.81
240.806
240.803
240.799
240.796
240.793
240.789
240.786
240.783
240.779
240.776
240.773
240.769
240.766
240.763
240.759
240.756
240.753
240.749
240.746
240.743
240.74
240.737
240.734
240.73
240.728
240.724
240.721
240.718
240.715
240.712
240.709
240.706
240.703
240.7
240.697
240.694
240.691
240.688
240.684
240.682
240.679
240.675
240.672
240.669
240.666
240.663
240.66
240.657
240.654
240.651
240.648
240.645
240.642
240.638
240.635
240.632
240.629
240.626
240.623
240.62
240.617
240.613
240.61
240.607
240.604
240.601
240.598
240.595
240.592
240.589
240.585
240.582
240.579
240.576
240.573
240.57
240.567
240.564
240.561
240.557
240.554
240.551
240.548
240.545
240.542
240.539
240.536
240.532
240.529
240.526
240.523
240.52
240.517
240.514
240.51
240.507
240.504
240.501
240.498
240.495
240.492
240.489
240.485
240.482
240.479
240.476
240.473
240.47
240.467
240.463
240.46
240.457
240.454
240.451
240.448
240.445
240.442
240.438
240.435
240.432
240.429
240.427
240.424
240.421
240.418
240.415
240.412
240.409
240.407
240.404
240.401
240.398
240.395
240.392
240.39
240.387
240.384
240.381
240.378
240.375
240.372
240.37
240.367
240.364
240.361
240.358
240.355
240.352
240.349
240.347
240.344
240.341
240.338
240.335
240.332
240.329
240.327
240.324
240.321
240.318
240.315
240.312
240.309
240.307
240.304
240.301
240.298
240.295
240.292
240.289
240.286
240.283
240.281
240.277
240.275
240.272
240.269
240.266
240.263
240.261
240.258
240.254
240.252
240.249
240.246
240.243
240.24
240.237
240.234
240.231
240.228
240.226
240.223
240.22
240.217
240.214
240.211
240.208
240.205
240.202
240.199
240.196
240.194
240.191
240.188
240.185
240.182
240.179
240.176
240.173
240.17
240.167
240.164
240.161
240.158
240.155
240.152
240.15
240.147
240.144
240.141
240.138
240.136
240.133
240.131
240.128
240.125
240.123
240.12
240.117
240.115
240.112
240.109
240.107
240.104
240.101
240.099
240.096
240.094
240.091
240.088
240.086
240.083
240.08
240.077
240.075
240.072
240.07
240.067
240.065
240.061
240.059
240.056
240.054
240.051
240.048
240.046
240.043
240.041
240.038
240.035
240.032
240.03
240.027
240.024
240.022
240.019
240.016
240.013
240.011
240.008
240.005
240.002
240
239.997
239.995
239.992
239.989
239.987
239.984
239.981
239.978
239.976
239.973
239.97
239.968
239.965
239.962
239.96
239.957
239.954
239.952
239.949
239.946
239.943
239.941
239.938
239.935
239.933
239.93
239.927
239.924
239.922
239.919
239.917
239.913
239.911
239.908
239.905
239.903
239.9
239.897
239.894
239.892
239.889
239.886
239.884
239.881
239.878
239.876
239.873
239.871
239.868
239.866
239.864
239.861
239.859
239.856
239.854
239.851
239.849
239.846
239.844
239.842
239.839
239.836
239.834
239.831
239.829
239.827
239.824
239.821
239.819
239.817
239.814
239.812
239.809
239.807
239.804
239.802
239.799
239.797
239.794
239.792
239.789
239.787
239.784
239.782
239.779
239.777
239.774
239.772
239.77
239.767
239.764
239.762
239.759
239.757
239.755
239.752
239.75
239.747
239.745
239.742
239.74
239.737
239.735
239.732
239.73
239.727
239.725
239.722
239.72
239.717
239.715
239.713
239.71
239.707
239.705
239.702
239.7
239.698
239.695
239.692
239.69
239.687
239.685
239.682
239.68
239.677
239.674
239.672
239.669
239.667
239.664
239.662
239.659
239.657
239.654
239.652
239.65
239.647
239.644
239.642
239.639
239.637
239.634
239.632
239.629
239.627
239.625
239.622
239.62
239.618
239.616
239.614
239.611
239.609
239.607
239.604
239.602
239.6
239.597
239.595
239.593
239.59
239.588
239.586
239.584
239.582
239.579
239.577
239.575
239.573
239.57
239.568
239.566
239.563
239.561
239.559
239.557
239.554
239.552
239.55
239.547
239.545
239.543
239.54
239.538
239.536
239.533
239.531
239.529
239.527
239.524
239.522
239.52
239.517
239.515
239.513
239.51
239.508
239.506
239.503
239.501
239.499
239.497
239.494
239.492
239.49
239.487
239.485
239.483
239.48
239.478
239.476
239.474
239.471
239.469
239.467
239.464
239.462
239.46
239.457
239.455
239.453
239.45
239.448
239.446
239.443
239.441
239.439
239.436
239.434
239.432
239.429
239.427
239.425
239.422
239.42
239.418
239.415
239.413
239.411
239.408
239.406
239.403
239.401
239.399
239.397
239.395
239.393
239.39
239.388
239.386
239.384
239.382
239.38
239.378
239.376
239.374
239.371
239.369
239.367
239.365
239.363
239.361
239.359
239.357
239.354
239.353
239.35
239.348
239.346
239.344
239.342
239.34
239.338
239.335
239.333
239.331
239.329
239.327
239.325
239.323
239.321
239.318
239.316
239.314
239.312
239.31
239.308
239.306
239.303
239.301
239.299
239.297
239.295
239.293
239.291
239.289
239.287
239.284
239.282
239.28
239.278
239.276
239.273
239.272
239.269
239.267
239.265
239.263
239.261
239.259
239.256
239.254
239.252
239.25
239.248
239.246
239.243
239.241
239.239
239.237
239.235
239.233
239.231
239.228
239.226
239.224
239.222
239.22
239.218
239.216
239.213
239.211
239.209
239.207
239.205
239.203
239.201
239.198
239.196
239.194
239.192
239.19
239.188
239.185
239.184
239.182
239.18
239.178
239.176
239.174
239.172
239.17
239.168
239.166
239.164
239.162
239.16
239.158
239.156
239.154
239.152
239.15
239.148
239.146
239.144
239.142
239.141
239.138
239.136
239.134
239.132
239.131
239.129
239.127
239.125
239.122
239.121
239.119
239.117
239.115
239.113
239.111
239.109
239.107
239.105
239.103
239.101
239.099
239.097
239.095
239.093
239.091
239.089
239.087
239.085
239.083
239.081
239.079
239.077
239.076
239.073
239.071
239.069
239.067
239.065
239.064
239.061
239.059
239.057
239.056
239.054
239.052
239.05
239.048
239.046
239.044
239.042
239.04
239.038
239.036
239.034
239.032
239.03
239.028
239.026
239.024
239.022
239.02
239.018
239.016
239.014
239.012
239.01
239.008
239.006
239.004
239.002
239
238.998
238.996
238.994
238.992
238.99
238.987
238.986
238.984
238.982
238.98
238.979
238.977
238.975
238.974
238.972
238.97
238.968
238.966
238.964
238.963
238.961
238.959
238.957
238.955
238.954
238.952
238.95
238.948
238.946
238.945
238.943
238.941
238.939
238.937
238.935
238.933
238.932
238.93
238.928
238.926
238.925
238.923
238.921
238.919
238.917
238.915
238.913
238.912
238.91
238.908
238.906
238.904
238.903
238.901
238.899
238.897
238.895
238.893
238.891
238.89
238.888
238.886
238.884
238.882
238.88
238.879
238.877
238.875
238.873
238.871
238.869
238.868
238.866
238.864
238.862
238.86
238.858
238.857
238.855
238.853
238.851
238.849
238.847
238.845
238.844
238.842
238.84
238.838
238.837
238.835
238.833
238.831
238.829
238.827
238.825
238.824
238.822
238.82
238.818
238.816
238.814
238.812
238.81
238.809
238.807
238.805
238.803
238.802
238.8
238.798
238.797
238.795
238.793
238.792
238.79
238.788
238.787
238.785
238.783
238.782
238.78
238.778
238.777
238.775
238.774
238.772
238.77
238.769
238.767
238.765
238.763
238.762
238.76
238.758
238.757
238.755
238.754
238.752
238.75
238.748
238.747
238.745
238.743
238.742
238.74
238.738
238.737
238.735
238.733
238.731
238.73
238.728
238.727
238.725
238.723
238.721
238.72
238.718
238.717
238.715
238.713
238.711
238.71
238.708
238.706
238.705
238.703
238.701
238.7
238.698
238.696
238.694
238.693
238.691
238.689
238.688
238.686
238.684
238.682
238.681
238.679
238.677
238.676
238.674
238.672
238.67
238.669
238.667
238.665
238.664
238.662
238.661
238.659
238.657
238.656
238.653
238.652
238.65
238.649
238.647
238.645
238.643
238.642
238.64
238.638
238.636
